1;0;0.181;0.67268;1.7561
2;0;-3.0436;0.4965;1.5504
3;0;-5.5174;-1.846;1.8342
1;1;0.18358;0.67171;1.7561
2;1;-3.0371;0.49018;1.5504
3;1;-5.5086;-1.8381;1.8342
1;2;0.18581;0.66987;1.7561
2;2;-3.0303;0.48548;1.5504
3;2;-5.4981;-1.8288;1.8342
1;3;0.18723;0.66827;1.7561
2;3;-3.0256;0.4807;1.5504
3;3;-5.4863;-1.8182;1.8342
1;4;0.18907;0.66735;1.7561
2;4;-3.0237;0.47669;1.5504
3;4;-5.4732;-1.8076;1.8342
1;5;0.19074;0.66649;1.7561
2;5;-3.019;0.47368;1.5504
3;5;-5.4599;-1.796;1.8342
1;6;0.19197;0.66538;1.7561
2;6;-3.0174;0.46957;1.5504
3;6;-5.4458;-1.7843;1.8342
1;7;0.19277;0.66463;1.7561
2;7;-3.0162;0.46764;1.5504
3;7;-5.432;-1.7731;1.8342
1;8;0.19265;0.66497;1.7561
2;8;-3.0192;0.46799;1.5504
3;8;-5.4182;-1.7617;1.8342
1;9;0.19246;0.66582;1.7561
2;9;-3.0338;0.47305;1.5504
3;9;-5.4082;-1.7537;1.8342
1;10;0.19184;0.66634;1.7561
2;10;-3.0466;0.48052;1.5504
3;10;-5.4035;-1.7528;1.8342
1;11;0.19055;0.66692;1.7561
2;11;-3.053;0.48544;1.5504
3;11;-5.4017;-1.7574;1.8342
1;12;0.18895;0.66803;1.7561
2;12;-3.047;0.4877;1.5504
3;12;-5.4027;-1.7638;1.8342
1;13;0.18753;0.66854;1.7561
2;13;-3.0265;0.49247;1.5504
3;13;-5.4059;-1.7713;1.8342
1;14;0.18612;0.66904;1.7561
2;14;-3.0181;0.49846;1.5504
3;14;-5.4093;-1.7796;1.8342
1;15;0.18477;0.66955;1.7561
2;15;-3.0264;0.50309;1.5504
3;15;-5.4138;-1.7878;1.8342
1;16;0.1833;0.66933;1.7561
2;16;-3.0324;0.50617;1.5504
3;16;-5.418;-1.7959;1.8342
1;17;0.18189;0.66911;1.7561
2;17;-3.0259;0.5091;1.5504
3;17;-5.4228;-1.8034;1.8342
1;18;0.18091;0.66927;1.7561
2;18;-3.0182;0.51267;1.5504
3;18;-5.4272;-1.8119;1.8342
1;19;0.17968;0.66927;1.7561
2;19;-3.0188;0.51429;1.5504
3;19;-5.4315;-1.8211;1.8342
1;20;0.17919;0.6694;1.7561
2;20;-3.0262;0.51614;1.5504
3;20;-5.4348;-1.8312;1.8342
1;21;0.17864;0.66953;1.7561
2;21;-3.0231;0.5178;1.5504
3;21;-5.4375;-1.8414;1.8342
1;22;0.17815;0.66967;1.7561
2;22;-3.0119;0.51911;1.5504
3;22;-5.4383;-1.8501;1.8342
1;23;0.17871;0.66835;1.7561
2;23;-3.0055;0.51916;1.5504
3;23;-5.4396;-1.8555;1.8342
1;24;0.18134;0.66637;1.7561
2;24;-2.9999;0.5136;1.5504
3;24;-5.4419;-1.8596;1.8342
1;25;0.18687;0.66313;1.7561
2;25;-2.993;0.50808;1.5504
3;25;-5.4449;-1.8613;1.8342
1;26;0.19832;0.65645;1.7561
2;26;-2.9809;0.49861;1.5504
3;26;-5.4465;-1.8576;1.8342
1;27;0.21007;0.64956;1.7561
2;27;-2.9684;0.48758;1.5504
3;27;-5.4443;-1.8463;1.8342
1;28;0.22079;0.64023;1.7561
2;28;-2.9531;0.47569;1.5504
3;28;-5.438;-1.8304;1.8342
1;29;0.23268;0.63019;1.7561
2;29;-2.9355;0.46488;1.5504
3;29;-5.4269;-1.8103;1.8342
1;30;0.25225;0.61641;1.7561
2;30;-2.9182;0.45486;1.5504
3;30;-5.4099;-1.7822;1.8342
1;31;0.27776;0.60546;1.7561
2;31;-2.897;0.44607;1.5504
3;31;-5.3895;-1.7424;1.8342
1;32;0.30411;0.60161;1.7561
2;32;-2.8725;0.44431;1.5504
3;32;-5.3719;-1.6944;1.8342
1;33;0.33172;0.59917;1.7561
2;33;-2.8429;0.44291;1.5504
3;33;-5.3551;-1.6438;1.8342
1;34;0.36132;0.59663;1.7561
2;34;-2.8102;0.44429;1.5504
3;34;-5.3353;-1.5908;1.8342
1;35;0.39346;0.59523;1.7561
2;35;-2.7737;0.45099;1.5504
3;35;-5.3127;-1.536;1.8342
1;36;0.43133;0.59971;1.7561
2;36;-2.7331;0.46084;1.5504
3;36;-5.2942;-1.4829;1.8342
1;37;0.4719;0.60657;1.7561
2;37;-2.6854;0.47495;1.5504
3;37;-5.2824;-1.4308;1.8342
1;38;0.51796;0.61806;1.7561
2;38;-2.6351;0.49044;1.5504
3;38;-5.2802;-1.3785;1.8342
1;39;0.56963;0.63303;1.7561
2;39;-2.5752;0.5125;1.5504
3;39;-5.2868;-1.33;1.8342
1;40;0.62647;0.65142;1.7561
2;40;-2.5167;0.52922;1.5504
3;40;-5.2837;-1.2844;1.8342
1;41;0.68903;0.66771;1.7561
2;41;-2.4623;0.54378;1.5504
3;41;-5.2748;-1.2371;1.8342
1;42;0.749;0.67992;1.7561
2;42;-2.4101;0.55307;1.5504
3;42;-5.2559;-1.1914;1.8342
1;43;0.80611;0.68698;1.7561
2;43;-2.3591;0.55953;1.5504
3;43;-5.2288;-1.1468;1.8342
1;44;0.86563;0.68641;1.7561
2;44;-2.3074;0.56431;1.5504
3;44;-5.1959;-1.1005;1.8342
1;45;0.92713;0.6857;1.7561
2;45;-2.2554;0.56522;1.5504
3;45;-5.1564;-1.0504;1.8342
1;46;0.99751;0.68638;1.7561
2;46;-2.1987;0.56145;1.5504
3;46;-5.1091;-0.9967;1.8342
1;47;1.073;0.68594;1.7561
2;47;-2.1427;0.55541;1.5504
3;47;-5.0565;-0.94394;1.8342
1;48;1.1476;0.68;1.7561
2;48;-2.0818;0.54563;1.5504
3;48;-5.0018;-0.89649;1.8342
1;49;1.2232;0.66861;1.7561
2;49;-2.0173;0.53068;1.5504
3;49;-4.9494;-0.85657;1.8342
1;50;1.3004;0.65176;1.7561
2;50;-1.9427;0.50597;1.5504
3;50;-4.9012;-0.8196;1.8342
1;51;1.3773;0.63482;1.7561
2;51;-1.8654;0.48335;1.5504
3;51;-4.859;-0.77623;1.8342
1;52;1.4487;0.62639;1.7561
2;52;-1.7894;0.46917;1.5504
3;52;-4.8221;-0.7249;1.8342
1;53;1.517;0.6259;1.7561
2;53;-1.7156;0.46541;1.5504
3;53;-4.7861;-0.66645;1.8342
1;54;1.5847;0.62813;1.7561
2;54;-1.645;0.46788;1.5504
3;54;-4.7476;-0.60356;1.8342
1;55;1.6609;0.62887;1.7561
2;55;-1.5773;0.47463;1.5504
3;55;-4.7068;-0.53806;1.8342
1;56;1.7431;0.6305;1.7561
2;56;-1.5104;0.48618;1.5504
3;56;-4.6643;-0.47378;1.8342
1;57;1.8331;0.63075;1.7561
2;57;-1.4387;0.51072;1.5504
3;57;-4.6205;-0.4101;1.8342
1;58;1.9293;0.63348;1.7561
2;58;-1.3696;0.53582;1.5504
3;58;-4.5764;-0.34519;1.8342
1;59;2.0262;0.63822;1.7561
2;59;-1.2957;0.56605;1.5504
3;59;-4.5348;-0.27983;1.8342
1;60;2.1194;0.64205;1.7561
2;60;-1.2122;0.59561;1.5504
3;60;-4.4956;-0.21742;1.8342
1;61;2.2111;0.63958;1.7561
2;61;-1.1281;0.61785;1.5504
3;61;-4.4519;-0.16162;1.8342
1;62;2.3012;0.62796;1.7561
2;62;-1.0472;0.62592;1.5504
3;62;-4.4003;-0.11501;1.8342
1;63;2.387;0.61008;1.7561
2;63;-0.96801;0.6253;1.5504
3;63;-4.3418;-0.074623;1.8342
1;64;2.4745;0.58528;1.7561
2;64;-0.89158;0.62094;1.5504
3;64;-4.2817;-0.031997;1.8342
1;65;2.5583;0.56411;1.7561
2;65;-0.81564;0.61163;1.5504
3;65;-4.2168;0.0058556;1.8342
1;66;2.6466;0.5404;1.7561
2;66;-0.73757;0.59735;1.5504
3;66;-4.1477;0.042023;1.8342
1;67;2.7367;0.50687;1.7561
2;67;-0.65487;0.57865;1.5504
3;67;-4.0763;0.074706;1.8342
1;68;2.8205;0.4822;1.7561
2;68;-0.56473;0.55272;1.5504
3;68;-4.0017;0.10162;1.8342
1;69;2.9054;0.45009;1.7561
2;69;-0.46795;0.52394;1.5504
3;69;-3.9265;0.12215;1.8342
1;70;2.9903;0.4259;1.7561
2;70;-0.37463;0.50236;1.5504
3;70;-3.8523;0.14279;1.8342
1;71;3.0753;0.41104;1.7561
2;71;-0.28606;0.50048;1.5504
3;71;-3.782;0.17009;1.8342
1;72;3.1562;0.40083;1.7561
2;72;-0.20601;0.5099;1.5504
3;72;-3.7143;0.20603;1.8342
1;73;3.2385;0.39145;1.7561
2;73;-0.13181;0.52362;1.5504
3;73;-3.6444;0.24776;1.8342
1;74;3.3277;0.37568;1.7561
2;74;-0.056291;0.53875;1.5504
3;74;-3.5717;0.29151;1.8342
1;75;3.4244;0.35839;1.7561
2;75;0.025615;0.55608;1.5504
3;75;-3.495;0.3358;1.8342
1;76;3.5272;0.33855;1.7561
2;76;0.11355;0.57816;1.5504
3;76;-3.416;0.3779;1.8342
1;77;3.6322;0.3134;1.7561
2;77;0.2046;0.60476;1.5504
3;77;-3.336;0.4149;1.8342
1;78;3.7332;0.27951;1.7561
2;78;0.29387;0.62591;1.5504
3;78;-3.2511;0.45216;1.8342
4;78;-5.252;-2.0139;1.8229
1;79;3.8215;0.23614;1.7561
2;79;0.3789;0.63647;1.5504
3;79;-3.1662;0.48637;1.8342
4;79;-5.2465;-1.9383;1.8229
1;80;3.8966;0.19003;1.7561
2;80;0.45896;0.63353;1.5504
3;80;-3.0818;0.50904;1.8342
4;80;-5.2493;-1.8666;1.8229
1;81;3.9656;0.14342;1.7561
2;81;0.53394;0.62202;1.5504
3;81;-2.993;0.52011;1.8342
4;81;-5.2517;-1.7919;1.8229
1;82;4.0336;0.095438;1.7561
2;82;0.61351;0.60843;1.5504
3;82;-2.902;0.51991;1.8342
4;82;-5.2483;-1.7117;1.8229
1;83;4.1023;0.040797;1.7561
2;83;0.69644;0.5919;1.5504
3;83;-2.8087;0.51788;1.8342
4;83;-5.241;-1.6259;1.8229
1;84;4.1687;-0.022871;1.7561
2;84;0.78435;0.56738;1.5504
3;84;-2.7115;0.51468;1.8342
4;84;-5.2279;-1.5338;1.8229
1;85;4.2346;-0.09546;1.7561
2;85;0.87812;0.53782;1.5504
3;85;-2.6136;0.50718;1.8342
4;85;-5.2133;-1.4401;1.8229
1;86;4.3013;-0.16727;1.7561
2;86;0.97517;0.50431;1.5504
3;86;-2.5147;0.49433;1.8342
4;86;-5.201;-1.3502;1.8229
1;87;4.3732;-0.23434;1.7561
2;87;1.0666;0.47928;1.5504
3;87;-2.4151;0.47714;1.8342
4;87;-5.1882;-1.2652;1.8229
1;88;4.4434;-0.29362;1.7561
2;88;1.1569;0.47476;1.5504
3;88;-2.3221;0.4609;1.8342
4;88;-5.1697;-1.1863;1.8229
1;89;4.5077;-0.34903;1.7561
2;89;1.2331;0.48188;1.5504
3;89;-2.2249;0.45427;1.8342
4;89;-5.1417;-1.1139;1.8229
1;90;4.5678;-0.40506;1.7561
2;90;1.3155;0.4973;1.5504
3;90;-2.1333;0.46239;1.8342
4;90;-5.1061;-1.0429;1.8229
1;91;4.6279;-0.46505;1.7561
2;91;1.4018;0.51367;1.5504
3;91;-2.0476;0.47636;1.8342
4;91;-5.0641;-0.96921;1.8229
1;92;4.6916;-0.52862;1.7561
2;92;1.4949;0.5374;1.5504
3;92;-1.9658;0.49434;1.8342
4;92;-5.0154;-0.89372;1.8229
1;93;4.759;-0.59648;1.7561
2;93;1.5906;0.56532;1.5504
3;93;-1.8853;0.51005;1.8342
4;93;-4.9602;-0.81971;1.8229
1;94;4.8252;-0.66789;1.7561
2;94;1.6884;0.59609;1.5504
3;94;-1.8016;0.52731;1.8342
4;94;-4.9023;-0.74981;1.8229
1;95;4.8876;-0.75012;1.7561
2;95;1.7841;0.62003;1.5504
3;95;-1.7112;0.54912;1.8342
4;95;-4.8438;-0.68585;1.8229
1;96;4.9394;-0.84144;1.7561
2;96;1.8715;0.62951;1.5504
3;96;-1.6101;0.57721;1.8342
4;96;-4.7875;-0.62643;1.8229
1;97;4.9774;-0.92902;1.7561
2;97;1.9543;0.62389;1.5504
3;97;-1.5055;0.60127;1.8342
4;97;-4.7361;-0.56698;1.8229
1;98;5.007;-1.0107;1.7561
2;98;2.0336;0.61151;1.5504
3;98;-1.4021;0.60974;1.8342
4;98;-4.6887;-0.50486;1.8229
1;99;5.0315;-1.0884;1.7561
2;99;2.1168;0.59681;1.5504
3;99;-1.3053;0.61004;1.8342
4;99;-4.6407;-0.43995;1.8229
1;100;5.0527;-1.1684;1.7561
2;100;2.2035;0.58055;1.5504
3;100;-1.2114;0.6;1.8342
4;100;-4.5895;-0.37226;1.8229
1;101;5.0706;-1.2543;1.7561
2;101;2.2954;0.55443;1.5504
3;101;-1.1191;0.59291;1.8342
4;101;-4.5338;-0.30171;1.8229
1;102;5.0869;-1.3457;1.7561
2;102;2.3906;0.52395;1.5504
3;102;-1.0268;0.5841;1.8342
4;102;-4.474;-0.23022;1.8229
1;103;5.1064;-1.4366;1.7561
2;103;2.4926;0.4896;1.5504
3;103;-0.93436;0.57272;1.8342
4;103;-4.4146;-0.15839;1.8229
1;104;5.1348;-1.528;1.7561
2;104;2.5872;0.46412;1.5504
3;104;-0.83609;0.55227;1.8342
4;104;-4.356;-0.091105;1.8229
1;105;5.1615;-1.6131;1.7561
2;105;2.6786;0.45598;1.5504
3;105;-0.73065;0.54097;1.8342
4;105;-4.2949;-0.029333;1.8229
1;106;5.182;-1.6901;1.7561
2;106;2.7625;0.45672;1.5504
3;106;-0.62879;0.52829;1.8342
4;106;-4.2303;0.023908;1.8229
1;107;5.1968;-1.7662;1.7561
2;107;2.8553;0.45966;1.5504
3;107;-0.52675;0.52364;1.8342
4;107;-4.1616;0.067002;1.8229
1;108;5.2067;-1.8445;1.7561
2;108;2.9472;0.46082;1.5504
3;108;-0.43261;0.52839;1.8342
4;108;-4.09;0.1049;1.8229
1;109;5.2194;-1.9291;1.7561
2;109;3.0369;0.46653;1.5504
3;109;-0.34364;0.53918;1.8342
4;109;-4.015;0.1425;1.8229
1;110;5.2371;-2.0212;1.7561
2;110;3.1379;0.47238;1.5504
3;110;-0.25492;0.5528;1.8342
4;110;-3.9355;0.17993;1.8229
2;111;3.2341;0.46795;1.5504
3;111;-0.16286;0.56384;1.8342
4;111;-3.8522;0.2143;1.8229
2;112;3.3256;0.45258;1.5504
3;112;-0.066306;0.57672;1.8342
4;112;-3.7665;0.24243;1.8229
2;113;3.4049;0.42374;1.5504
3;113;0.032794;0.59595;1.8342
4;113;-3.6789;0.26704;1.8229
2;114;3.4707;0.38948;1.5504
3;114;0.14091;0.61542;1.8342
4;114;-3.5919;0.28876;1.8229
2;115;3.5319;0.35499;1.5504
3;115;0.24661;0.62376;1.8342
4;115;-3.5055;0.31243;1.8229
2;116;3.5931;0.31588;1.5504
3;116;0.34924;0.62535;1.8342
4;116;-3.4222;0.33942;1.8229
2;117;3.6554;0.26975;1.5504
3;117;0.44756;0.61768;1.8342
4;117;-3.3406;0.3688;1.8229
2;118;3.714;0.21769;1.5504
3;118;0.54961;0.59854;1.8342
4;118;-3.2597;0.39987;1.8229
2;119;3.7791;0.16067;1.5504
3;119;0.65339;0.58071;1.8342
4;119;-3.1813;0.4292;1.8229
2;120;3.847;0.1035;1.5504
3;120;0.76197;0.56026;1.8342
4;120;-3.1025;0.46019;1.8229
2;121;3.9167;0.057114;1.5504
3;121;0.8628;0.54001;1.8342
4;121;-3.0209;0.49102;1.8229
2;122;3.9911;0.019249;1.5504
3;122;0.96432;0.51627;1.8342
4;122;-2.9368;0.52089;1.8229
2;123;4.0648;-0.015732;1.5504
3;123;1.0567;0.48972;1.8342
4;123;-2.8566;0.54656;1.8229
2;124;4.1394;-0.050996;1.5504
3;124;1.1446;0.46965;1.8342
4;124;-2.775;0.56444;1.8229
2;125;4.2155;-0.085926;1.5504
3;125;1.2357;0.4601;1.8342
4;125;-2.6953;0.5738;1.8229
2;126;4.2957;-0.12152;1.5504
3;126;1.3236;0.45895;1.8342
4;126;-2.6145;0.57968;1.8229
2;127;4.3807;-0.16177;1.5504
3;127;1.4157;0.46642;1.8342
4;127;-2.5357;0.5839;1.8229
2;128;4.463;-0.21255;1.5504
3;128;1.5093;0.47577;1.8342
4;128;-2.4556;0.58812;1.8229
5;128;-5.1139;-2.0572;1.7902
2;129;4.5333;-0.27419;1.5504
3;129;1.6066;0.48731;1.8342
4;129;-2.3703;0.59283;1.8229
5;129;-5.1166;-1.9808;1.7902
2;130;4.5877;-0.34567;1.5504
3;130;1.7054;0.50173;1.8342
4;130;-2.2843;0.59057;1.8229
5;130;-5.115;-1.8959;1.7902
2;131;4.6306;-0.41822;1.5504
3;131;1.8077;0.51442;1.8342
4;131;-2.1922;0.58356;1.8229
5;131;-5.1111;-1.8041;1.7902
2;132;4.6687;-0.49305;1.5504
3;132;1.9009;0.52995;1.8342
4;132;-2.0947;0.57245;1.8229
5;132;-5.1088;-1.7118;1.7902
2;133;4.702;-0.56959;1.5504
3;133;1.9956;0.53735;1.8342
4;133;-1.9943;0.56522;1.8229
5;133;-5.1049;-1.6268;1.7902
2;134;4.7314;-0.64932;1.5504
3;134;2.0885;0.53386;1.8342
4;134;-1.8945;0.56246;1.8229
5;134;-5.0993;-1.5538;1.7902
2;135;4.7604;-0.73677;1.5504
3;135;2.1796;0.52328;1.8342
4;135;-1.7975;0.56931;1.8229
5;135;-5.0877;-1.4885;1.7902
2;136;4.7942;-0.82931;1.5504
3;136;2.2733;0.51084;1.8342
4;136;-1.7045;0.57983;1.8229
5;136;-5.0743;-1.43;1.7902
2;137;4.839;-0.91333;1.5504
3;137;2.3673;0.4962;1.8342
4;137;-1.616;0.59386;1.8229
5;137;-5.0583;-1.3701;1.7902
2;138;4.8978;-0.98779;1.5504
3;138;2.4603;0.47926;1.8342
4;138;-1.5245;0.60606;1.8229
5;138;-5.0358;-1.3025;1.7902
2;139;4.9558;-1.0553;1.5504
3;139;2.556;0.45406;1.8342
4;139;-1.433;0.61272;1.8229
5;139;-5.0045;-1.2259;1.7902
2;140;5.0074;-1.1208;1.5504
3;140;2.6474;0.42385;1.8342
4;140;-1.3354;0.622;1.8229
5;140;-4.9652;-1.1488;1.7902
2;141;5.0553;-1.1846;1.5504
3;141;2.7351;0.39332;1.8342
4;141;-1.2354;0.62998;1.8229
5;141;-4.9214;-1.0778;1.7902
2;142;5.1038;-1.2502;1.5504
3;142;2.8294;0.36576;1.8342
4;142;-1.1324;0.63282;1.8229
5;142;-4.8811;-1.0114;1.7902
2;143;5.1545;-1.3234;1.5504
3;143;2.9196;0.34877;1.8342
4;143;-1.0311;0.63204;1.8229
5;143;-4.8469;-0.94552;1.7902
2;144;5.2017;-1.4041;1.5504
3;144;3.0093;0.33876;1.8342
4;144;-0.93176;0.62946;1.8229
5;144;-4.8195;-0.87744;1.7902
2;145;5.236;-1.4908;1.5504
3;145;3.0983;0.33167;1.8342
4;145;-0.84173;0.62448;1.8229
5;145;-4.7926;-0.80718;1.7902
2;146;5.2522;-1.5809;1.5504
3;146;3.1896;0.32426;1.8342
4;146;-0.75428;0.61837;1.8229
5;146;-4.7617;-0.73189;1.7902
2;147;5.2554;-1.6651;1.5504
3;147;3.283;0.31486;1.8342
4;147;-0.66442;0.61063;1.8229
5;147;-4.7256;-0.64994;1.7902
2;148;5.249;-1.7446;1.5504
3;148;3.3762;0.30521;1.8342
4;148;-0.5681;0.60211;1.8229
5;148;-4.6865;-0.56489;1.7902
2;149;5.2331;-1.8206;1.5504
3;149;3.4732;0.29265;1.8342
4;149;-0.46899;0.58434;1.8229
5;149;-4.6451;-0.48558;1.7902
2;150;5.2077;-1.8971;1.5504
3;150;3.5702;0.27913;1.8342
4;150;-0.36492;0.5732;1.8229
5;150;-4.6033;-0.41569;1.7902
2;151;5.1761;-1.9831;1.5504
3;151;3.6674;0.25785;1.8342
4;151;-0.26072;0.56652;1.8229
5;151;-4.5603;-0.35775;1.7902
2;152;5.1471;-2.0757;1.5504
3;152;3.7568;0.22416;1.8342
4;152;-0.16187;0.56294;1.8229
5;152;-4.513;-0.31099;1.7902
2;153;5.1291;-2.1672;1.5504
3;153;3.8422;0.18521;1.8342
4;153;-0.061284;0.56407;1.8229
5;153;-4.4631;-0.26829;1.7902
3;154;3.9249;0.1403;1.8342
4;154;0.032485;0.56942;1.8229
5;154;-4.4089;-0.2228;1.7902
3;155;4.0041;0.089937;1.8342
4;155;0.1317;0.57803;1.8229
5;155;-4.3481;-0.17398;1.7902
3;156;4.0771;0.033576;1.8342
4;156;0.23404;0.59135;1.8229
5;156;-4.2813;-0.12651;1.7902
3;157;4.1428;-0.029401;1.8342
4;157;0.33689;0.59835;1.8229
5;157;-4.211;-0.086036;1.7902
3;158;4.2037;-0.10272;1.8342
4;158;0.44207;0.60477;1.8229
5;158;-4.1397;-0.05067;1.7902
3;159;4.2645;-0.18031;1.8342
4;159;0.54389;0.60772;1.8229
5;159;-4.0713;-0.016024;1.7902
3;160;4.3322;-0.25106;1.8342
4;160;0.63957;0.60445;1.8229
5;160;-4.0063;0.021182;1.7902
3;161;4.4001;-0.30828;1.8342
4;161;0.73463;0.59644;1.8229
5;161;-3.9427;0.0619;1.7902
3;162;4.4653;-0.3582;1.8342
4;162;0.82885;0.5893;1.8229
5;162;-3.8771;0.1061;1.7902
3;163;4.5253;-0.40498;1.8342
4;163;0.92588;0.58287;1.8229
5;163;-3.8056;0.1531;1.7902
3;164;4.5847;-0.45747;1.8342
4;164;1.0253;0.57493;1.8229
5;164;-3.7282;0.20163;1.7902
3;165;4.6477;-0.52028;1.8342
4;165;1.1221;0.56374;1.8229
5;165;-3.6482;0.24712;1.7902
3;166;4.7192;-0.59463;1.8342
4;166;1.2184;0.54918;1.8229
5;166;-3.57;0.28534;1.7902
6;166;-5.2642;-2.0912;1.721
3;167;4.8035;-0.67978;1.8342
4;167;1.3121;0.53383;1.8229
5;167;-3.4958;0.31685;1.7902
6;167;-5.2703;-1.997;1.721
3;168;4.8854;-0.76443;1.8342
4;168;1.4081;0.52604;1.8229
5;168;-3.4208;0.33773;1.7902
6;168;-5.2779;-1.9107;1.721
3;169;4.9507;-0.85641;1.8342
4;169;1.5021;0.52032;1.8229
5;169;-3.3436;0.35005;1.7902
6;169;-5.2881;-1.8288;1.721
3;170;4.9964;-0.95526;1.8342
4;170;1.5973;0.52191;1.8229
5;170;-3.264;0.36039;1.7902
6;170;-5.2906;-1.7445;1.721
3;171;5.0246;-1.0519;1.8342
4;171;1.6946;0.5266;1.8229
5;171;-3.1815;0.37478;1.7902
6;171;-5.2896;-1.6499;1.721
3;172;5.0407;-1.143;1.8342
4;172;1.7937;0.53567;1.8229
5;172;-3.0986;0.39023;1.7902
6;172;-5.2651;-1.5645;1.721
3;173;5.0499;-1.2305;1.8342
4;173;1.8952;0.54615;1.8229
5;173;-3.0102;0.40119;1.7902
6;173;-5.2441;-1.4858;1.721
3;174;5.0544;-1.3183;1.8342
4;174;1.9984;0.55523;1.8229
5;174;-2.9175;0.40324;1.7902
6;174;-5.2233;-1.4103;1.721
3;175;5.0552;-1.4097;1.8342
4;175;2.0961;0.56847;1.8229
5;175;-2.831;0.40558;1.7902
6;175;-5.2052;-1.3409;1.721
3;176;5.0539;-1.5071;1.8342
4;176;2.1933;0.5735;1.8229
5;176;-2.748;0.41239;1.7902
6;176;-5.1894;-1.2784;1.721
3;177;5.0504;-1.6056;1.8342
4;177;2.288;0.56737;1.8229
5;177;-2.665;0.42941;1.7902
6;177;-5.1719;-1.2139;1.721
3;178;5.0555;-1.7044;1.8342
4;178;2.3866;0.55239;1.8229
5;178;-2.5862;0.44886;1.7902
6;178;-5.1541;-1.1483;1.721
3;179;5.0654;-1.7922;1.8342
4;179;2.4851;0.53645;1.8229
5;179;-2.5063;0.47173;1.7902
6;179;-5.1324;-1.0752;1.721
3;180;5.0742;-1.8727;1.8342
4;180;2.5805;0.52296;1.8229
5;180;-2.4215;0.49635;1.7902
6;180;-5.1017;-0.99751;1.721
3;181;5.0781;-1.9507;1.8342
4;181;2.6782;0.50649;1.8229
5;181;-2.335;0.52101;1.7902
6;181;-5.0631;-0.91724;1.721
3;182;5.0788;-2.0286;1.8342
4;182;2.7718;0.48309;1.8229
5;182;-2.2421;0.54092;1.7902
6;182;-5.0215;-0.83431;1.721
4;183;2.8658;0.4514;1.8229
5;183;-2.1574;0.55602;1.7902
6;183;-4.9813;-0.75419;1.721
4;184;2.9539;0.41298;1.8229
5;184;-2.0726;0.5622;1.7902
6;184;-4.9432;-0.6811;1.721
4;185;3.0476;0.37627;1.8229
5;185;-1.9862;0.55517;1.7902
6;185;-4.9031;-0.60671;1.721
4;186;3.1428;0.34806;1.8229
5;186;-1.8999;0.55071;1.7902
6;186;-4.8555;-0.53031;1.721
4;187;3.232;0.32476;1.8229
5;187;-1.818;0.54595;1.7902
6;187;-4.8016;-0.45727;1.721
4;188;3.318;0.30614;1.8229
5;188;-1.7361;0.54229;1.7902
6;188;-4.7438;-0.38747;1.721
4;189;3.4014;0.28856;1.8229
5;189;-1.6469;0.53457;1.7902
6;189;-4.681;-0.31952;1.721
4;190;3.4897;0.26654;1.8229
5;190;-1.5599;0.52598;1.7902
6;190;-4.6163;-0.2565;1.721
4;191;3.5841;0.24025;1.8229
5;191;-1.4642;0.51424;1.7902
6;191;-4.5513;-0.20021;1.721
4;192;3.6806;0.20762;1.8229
5;192;-1.3719;0.50775;1.7902
6;192;-4.4895;-0.15071;1.721
4;193;3.773;0.16909;1.8229
5;193;-1.2722;0.50771;1.7902
6;193;-4.4263;-0.1033;1.721
4;194;3.8584;0.11947;1.8229
5;194;-1.1662;0.51677;1.7902
6;194;-4.3583;-0.056439;1.721
4;195;3.9375;0.063513;1.8229
5;195;-1.0853;0.53162;1.7902
6;195;-4.2908;-0.0086575;1.721
4;196;4.012;0.0094232;1.8229
5;196;-0.99695;0.55106;1.7902
6;196;-4.2207;0.037245;1.721
4;197;4.0832;-0.043457;1.8229
5;197;-0.90027;0.57267;1.7902
6;197;-4.1466;0.080294;1.721
4;198;4.1523;-0.1016;1.8229
5;198;-0.80195;0.59183;1.7902
6;198;-4.0709;0.12023;1.721
4;199;4.2183;-0.16743;1.8229
5;199;-0.70282;0.61126;1.7902
6;199;-3.9938;0.15784;1.721
4;200;4.2837;-0.23758;1.8229
5;200;-0.60121;0.62394;1.7902
6;200;-3.9144;0.19014;1.721
4;201;4.3451;-0.31111;1.8229
5;201;-0.49758;0.62678;1.7902
6;201;-3.8366;0.22152;1.721
4;202;4.4095;-0.38578;1.8229
5;202;-0.39999;0.62681;1.7902
6;202;-3.7573;0.25285;1.721
4;203;4.4786;-0.45659;1.8229
5;203;-0.31017;0.62521;1.7902
6;203;-3.6748;0.28013;1.721
4;204;4.5442;-0.51823;1.8229
5;204;-0.22441;0.62149;1.7902
6;204;-3.5913;0.30429;1.721
4;205;4.6038;-0.57291;1.8229
5;205;-0.13421;0.61423;1.7902
6;205;-3.5059;0.32597;1.721
4;206;4.6597;-0.62559;1.8229
5;206;-0.039934;0.6034;1.7902
6;206;-3.4188;0.34398;1.721
4;207;4.7161;-0.68104;1.8229
5;207;0.057272;0.58774;1.7902
6;207;-3.3299;0.36014;1.721
4;208;4.7762;-0.74101;1.8229
5;208;0.15333;0.56716;1.7902
6;208;-3.2407;0.37066;1.721
4;209;4.8406;-0.80945;1.8229
5;209;0.24515;0.55839;1.7902
6;209;-3.1523;0.38095;1.721
4;210;4.904;-0.88202;1.8229
5;210;0.33441;0.55283;1.7902
6;210;-3.0598;0.38862;1.721
4;211;4.9598;-0.96047;1.8229
5;211;0.418;0.55253;1.7902
6;211;-2.9676;0.3964;1.721
4;212;5.005;-1.0402;1.8229
5;212;0.50702;0.55672;1.7902
6;212;-2.877;0.40727;1.721
4;213;5.0412;-1.1154;1.8229
5;213;0.60353;0.56323;1.7902
6;213;-2.7867;0.41839;1.721
4;214;5.0694;-1.1862;1.8229
5;214;0.70389;0.57171;1.7902
6;214;-2.6942;0.43156;1.721
7;214;-5.1608;-1.9244;1.9183
4;215;5.0907;-1.2552;1.8229
5;215;0.80172;0.57773;1.7902
6;215;-2.6044;0.44141;1.721
7;215;-5.1467;-1.8353;1.9183
4;216;5.1064;-1.325;1.8229
5;216;0.88865;0.58198;1.7902
6;216;-2.5091;0.4505;1.721
7;216;-5.13;-1.7471;1.9183
4;217;5.1157;-1.3989;1.8229
5;217;0.96609;0.5788;1.7902
6;217;-2.4177;0.45852;1.721
7;217;-5.1083;-1.6592;1.9183
4;218;5.122;-1.4818;1.8229
5;218;1.0432;0.56216;1.7902
6;218;-2.3244;0.46422;1.721
7;218;-5.0873;-1.5704;1.9183
4;219;5.1284;-1.5704;1.8229
5;219;1.1297;0.55081;1.7902
6;219;-2.2256;0.46751;1.721
7;219;-5.0736;-1.4829;1.9183
4;220;5.1387;-1.6654;1.8229
5;220;1.2122;0.54674;1.7902
6;220;-2.1306;0.46587;1.721
7;220;-5.0612;-1.3959;1.9183
4;221;5.1554;-1.7605;1.8229
5;221;1.3013;0.5374;1.7902
6;221;-2.0376;0.46471;1.721
7;221;-5.041;-1.3007;1.9183
4;222;5.1743;-1.8465;1.8229
5;222;1.3964;0.52609;1.7902
6;222;-1.947;0.46519;1.721
7;222;-5.0148;-1.2;1.9183
4;223;5.1881;-1.9233;1.8229
5;223;1.4935;0.50945;1.7902
6;223;-1.8553;0.46605;1.721
7;223;-4.9848;-1.1011;1.9183
4;224;5.1951;-1.995;1.8229
5;224;1.5822;0.49499;1.7902
6;224;-1.7594;0.46846;1.721
7;224;-4.9524;-1.0042;1.9183
5;225;1.6684;0.48377;1.7902
6;225;-1.6607;0.4723;1.721
7;225;-4.9194;-0.90568;1.9183
5;226;1.7485;0.48178;1.7902
6;226;-1.5603;0.47359;1.721
7;226;-4.8874;-0.81402;1.9183
5;227;1.8338;0.48702;1.7902
6;227;-1.4576;0.47953;1.721
7;227;-4.8487;-0.73894;1.9183
5;228;1.9152;0.4953;1.7902
6;228;-1.3587;0.48668;1.721
7;228;-4.8037;-0.67585;1.9183
5;229;2.0056;0.50571;1.7902
6;229;-1.271;0.49355;1.721
7;229;-4.7549;-0.61495;1.9183
5;230;2.1037;0.51755;1.7902
6;230;-1.1842;0.49816;1.721
7;230;-4.7009;-0.54909;1.9183
5;231;2.1972;0.52629;1.7902
6;231;-1.0973;0.50515;1.721
7;231;-4.6409;-0.48107;1.9183
5;232;2.284;0.53096;1.7902
6;232;-1.0061;0.51181;1.721
7;232;-4.5762;-0.41627;1.9183
5;233;2.3652;0.52762;1.7902
6;233;-0.90978;0.51799;1.721
7;233;-4.5083;-0.3556;1.9183
5;234;2.4453;0.51783;1.7902
6;234;-0.81288;0.52416;1.721
7;234;-4.4418;-0.2994;1.9183
5;235;2.5205;0.50543;1.7902
6;235;-0.71332;0.52788;1.721
7;235;-4.3776;-0.2427;1.9183
5;236;2.5976;0.49412;1.7902
6;236;-0.61604;0.52787;1.721
7;236;-4.3194;-0.18412;1.9183
5;237;2.6765;0.4829;1.7902
6;237;-0.5275;0.52811;1.721
7;237;-4.2581;-0.1237;1.9183
5;238;2.7565;0.46941;1.7902
6;238;-0.44014;0.52911;1.721
7;238;-4.1886;-0.058797;1.9183
5;239;2.8421;0.44667;1.7902
6;239;-0.34971;0.53556;1.721
7;239;-4.1151;0.006317;1.9183
5;240;2.924;0.41729;1.7902
6;240;-0.25746;0.54167;1.721
7;240;-4.0417;0.066736;1.9183
5;241;2.9996;0.38974;1.7902
6;241;-0.16446;0.54705;1.721
7;241;-3.9665;0.11709;1.9183
5;242;3.0756;0.36821;1.7902
6;242;-0.072078;0.54985;1.721
7;242;-3.8891;0.16074;1.9183
5;243;3.1504;0.35328;1.7902
6;243;0.022948;0.5556;1.721
7;243;-3.8101;0.20192;1.9183
8;243;-5.2332;-2.0303;1.7118
5;244;3.2252;0.34101;1.7902
6;244;0.1194;0.56324;1.721
7;244;-3.7271;0.23163;1.9183
8;244;-5.2127;-1.9228;1.7118
5;245;3.3036;0.32896;1.7902
6;245;0.20792;0.57649;1.721
7;245;-3.6392;0.24739;1.9183
8;245;-5.1916;-1.8259;1.7118
5;246;3.389;0.31517;1.7902
6;246;0.3011;0.58723;1.721
7;246;-3.5476;0.25908;1.9183
8;246;-5.1726;-1.7355;1.7118
5;247;3.477;0.29878;1.7902
6;247;0.39438;0.59753;1.721
7;247;-3.4503;0.27029;1.9183
8;247;-5.1627;-1.6523;1.7118
5;248;3.5608;0.27575;1.7902
6;248;0.48885;0.60627;1.721
7;248;-3.3488;0.27961;1.9183
8;248;-5.1583;-1.5783;1.7118
5;249;3.64;0.2489;1.7902
6;249;0.58081;0.61335;1.721
7;249;-3.246;0.28184;1.9183
8;249;-5.1479;-1.5046;1.7118
5;250;3.7119;0.21325;1.7902
6;250;0.67033;0.61936;1.721
7;250;-3.1443;0.27901;1.9183
8;250;-5.1267;-1.42;1.7118
5;251;3.7808;0.17032;1.7902
6;251;0.75914;0.62245;1.721
7;251;-3.042;0.27656;1.9183
8;251;-5.095;-1.3212;1.7118
5;252;3.8426;0.12415;1.7902
6;252;0.84781;0.6234;1.721
7;252;-2.9397;0.27979;1.9183
8;252;-5.0601;-1.2154;1.7118
5;253;3.9014;0.080383;1.7902
6;253;0.9386;0.62287;1.721
7;253;-2.8416;0.28964;1.9183
8;253;-5.0304;-1.1142;1.7118
5;254;3.9609;0.03258;1.7902
6;254;1.0336;0.62137;1.721
7;254;-2.7439;0.30404;1.9183
8;254;-5.0054;-1.0215;1.7118
5;255;4.0207;-0.02326;1.7902
6;255;1.1291;0.62046;1.721
7;255;-2.646;0.32301;1.9183
8;255;-4.9797;-0.93087;1.7118
5;256;4.0785;-0.087941;1.7902
6;256;1.2205;0.61958;1.721
7;256;-2.5469;0.34317;1.9183
8;256;-4.9502;-0.84621;1.7118
5;257;4.1326;-0.151;1.7902
6;257;1.3072;0.61723;1.721
7;257;-2.4476;0.3623;1.9183
8;257;-4.9163;-0.77151;1.7118
5;258;4.19;-0.21155;1.7902
6;258;1.3927;0.61277;1.721
7;258;-2.3418;0.38155;1.9183
8;258;-4.8756;-0.70076;1.7118
5;259;4.254;-0.26939;1.7902
6;259;1.4791;0.60793;1.721
7;259;-2.24;0.40534;1.9183
8;259;-4.825;-0.6263;1.7118
5;260;4.3189;-0.32109;1.7902
6;260;1.5679;0.6062;1.721
7;260;-2.1449;0.41958;1.9183
8;260;-4.7656;-0.54857;1.7118
5;261;4.3819;-0.36952;1.7902
6;261;1.6606;0.60542;1.721
7;261;-2.0538;0.42175;1.9183
8;261;-4.7022;-0.47353;1.7118
5;262;4.4454;-0.4204;1.7902
6;262;1.7623;0.60343;1.721
7;262;-1.9665;0.41636;1.9183
8;262;-4.64;-0.4058;1.7118
5;263;4.5107;-0.47547;1.7902
6;263;1.8584;0.60327;1.721
7;263;-1.8826;0.41401;1.9183
8;263;-4.5811;-0.34433;1.7118
5;264;4.5756;-0.53642;1.7902
6;264;1.9522;0.6026;1.721
7;264;-1.7956;0.4154;1.9183
8;264;-4.5243;-0.2833;1.7118
5;265;4.6355;-0.60386;1.7902
6;265;2.043;0.59914;1.721
7;265;-1.7087;0.41549;1.9183
8;265;-4.4694;-0.22014;1.7118
5;266;4.6881;-0.67337;1.7902
6;266;2.1329;0.59539;1.721
7;266;-1.6165;0.40959;1.9183
8;266;-4.4142;-0.15478;1.7118
5;267;4.7353;-0.75097;1.7902
6;267;2.2217;0.59101;1.721
7;267;-1.519;0.39986;1.9183
8;267;-4.3519;-0.090579;1.7118
5;268;4.7774;-0.83056;1.7902
6;268;2.3083;0.57812;1.721
7;268;-1.4138;0.39333;1.9183
8;268;-4.2827;-0.028576;1.7118
5;269;4.8132;-0.90534;1.7902
6;269;2.398;0.56746;1.721
7;269;-1.3027;0.39934;1.9183
8;269;-4.212;0.031315;1.7118
5;270;4.8438;-0.97881;1.7902
6;270;2.4888;0.55541;1.721
7;270;-1.1899;0.41945;1.9183
8;270;-4.1436;0.089268;1.7118
5;271;4.8697;-1.0575;1.7902
6;271;2.5788;0.54447;1.721
7;271;-1.0822;0.44907;1.9183
8;271;-4.0791;0.1473;1.7118
5;272;4.8919;-1.1444;1.7902
6;272;2.6663;0.53605;1.721
7;272;-0.97413;0.47997;1.9183
8;272;-4.0147;0.20072;1.7118
5;273;4.9122;-1.239;1.7902
6;273;2.7529;0.5206;1.721
7;273;-0.87302;0.50812;1.9183
8;273;-3.9414;0.22466;1.7118
5;274;4.9343;-1.3277;1.7902
6;274;2.8369;0.50286;1.721
7;274;-0.77405;0.52667;1.9183
8;274;-3.8695;0.24123;1.7118
5;275;4.9677;-1.4141;1.7902
6;275;2.924;0.48205;1.721
7;275;-0.66581;0.54773;1.9183
8;275;-3.7999;0.27018;1.7118
5;276;5.0051;-1.4927;1.7902
6;276;3.0117;0.46263;1.721
7;276;-0.55499;0.57096;1.9183
8;276;-3.7265;0.30194;1.7118
5;277;5.0402;-1.5635;1.7902
6;277;3.0995;0.44403;1.721
7;277;-0.45868;0.58953;1.9183
8;277;-3.6475;0.32859;1.7118
5;278;5.0723;-1.6336;1.7902
6;278;3.1831;0.42959;1.721
7;278;-0.35746;0.59075;1.9183
8;278;-3.5673;0.34764;1.7118
5;279;5.1034;-1.7065;1.7902
6;279;3.267;0.41451;1.721
7;279;-0.25514;0.58478;1.9183
8;279;-3.4866;0.35932;1.7118
5;280;5.1337;-1.7829;1.7902
6;280;3.3459;0.3968;1.721
7;280;-0.15302;0.57634;1.9183
8;280;-3.407;0.36762;1.7118
5;281;5.1595;-1.8655;1.7902
6;281;3.4263;0.37431;1.721
7;281;-0.052987;0.56895;1.9183
8;281;-3.3279;0.38004;1.7118
5;282;5.1786;-1.9419;1.7902
6;282;3.5062;0.34715;1.721
7;282;0.047644;0.56125;1.9183
8;282;-3.2515;0.39702;1.7118
5;283;5.1895;-2.0177;1.7902
6;283;3.5864;0.31861;1.721
7;283;0.15107;0.55184;1.9183
8;283;-3.1749;0.41594;1.7118
6;284;3.6691;0.28274;1.721
7;284;0.25211;0.54164;1.9183
8;284;-3.1012;0.43366;1.7118
6;285;3.7464;0.24295;1.721
7;285;0.34397;0.53015;1.9183
8;285;-3.0244;0.44699;1.7118
6;286;3.8197;0.20182;1.721
7;286;0.43348;0.52266;1.9183
8;286;-2.9468;0.46061;1.7118
6;287;3.8917;0.15929;1.721
7;287;0.51976;0.52163;1.9183
8;287;-2.8632;0.48114;1.7118
6;288;3.9616;0.11593;1.721
7;288;0.6048;0.52529;1.9183
8;288;-2.7756;0.50537;1.7118
6;289;4.0313;0.069421;1.721
7;289;0.69347;0.53282;1.9183
8;289;-2.6884;0.53249;1.7118
6;290;4.1015;0.018765;1.721
7;290;0.77875;0.54318;1.9183
8;290;-2.5975;0.55185;1.7118
6;291;4.1699;-0.034745;1.721
7;291;0.86866;0.55341;1.9183
8;291;-2.5072;0.56246;1.7118
6;292;4.2418;-0.09054;1.721
7;292;0.95427;0.56349;1.9183
8;292;-2.4169;0.56732;1.7118
9;292;-5.2613;-2.1324;1.556
6;293;4.3146;-0.14385;1.721
7;293;1.0403;0.57635;1.9183
8;293;-2.328;0.56811;1.7118
9;293;-5.2454;-2.0452;1.556
6;294;4.3855;-0.19377;1.721
7;294;1.1266;0.58087;1.9183
8;294;-2.2433;0.55957;1.7118
9;294;-5.2343;-1.9656;1.556
6;295;4.4535;-0.24184;1.721
7;295;1.2136;0.57283;1.9183
8;295;-2.1563;0.54669;1.7118
9;295;-5.2341;-1.8908;1.556
6;296;4.5194;-0.28931;1.721
7;296;1.3026;0.55938;1.9183
8;296;-2.0638;0.54151;1.7118
9;296;-5.2427;-1.8169;1.556
6;297;4.5866;-0.34022;1.721
7;297;1.3974;0.54885;1.9183
8;297;-1.9674;0.53772;1.7118
9;297;-5.247;-1.7397;1.556
6;298;4.6569;-0.39797;1.721
7;298;1.4949;0.53807;1.9183
8;298;-1.8648;0.53005;1.7118
9;298;-5.2439;-1.6571;1.556
6;299;4.7254;-0.45781;1.721
7;299;1.5871;0.52687;1.9183
8;299;-1.7591;0.52051;1.7118
9;299;-5.2367;-1.5695;1.556
6;300;4.7913;-0.52049;1.721
7;300;1.6838;0.51283;1.9183
8;300;-1.655;0.52125;1.7118
9;300;-5.2288;-1.4792;1.556
6;301;4.8543;-0.58886;1.721
7;301;1.7782;0.49181;1.9183
8;301;-1.5569;0.52856;1.7118
9;301;-5.2234;-1.3897;1.556
6;302;4.908;-0.65796;1.721
7;302;1.881;0.47321;1.9183
8;302;-1.4577;0.54231;1.7118
9;302;-5.2196;-1.3055;1.556
6;303;4.9552;-0.72576;1.721
7;303;1.9817;0.46582;1.9183
8;303;-1.3608;0.55161;1.7118
9;303;-5.2104;-1.2276;1.556
6;304;4.9976;-0.79412;1.721
7;304;2.0823;0.47037;1.9183
8;304;-1.2663;0.57058;1.7118
9;304;-5.1897;-1.1569;1.556
6;305;5.036;-0.86445;1.721
7;305;2.1822;0.48162;1.9183
8;305;-1.1684;0.58097;1.7118
9;305;-5.1568;-1.0863;1.556
6;306;5.0739;-0.93864;1.721
7;306;2.2832;0.49762;1.9183
8;306;-1.0646;0.59721;1.7118
9;306;-5.1139;-1.0132;1.556
6;307;5.1118;-1.0189;1.721
7;307;2.3813;0.51406;1.9183
8;307;-0.95613;0.60671;1.7118
9;307;-5.0611;-0.93998;1.556
6;308;5.147;-1.1007;1.721
7;308;2.4839;0.52468;1.9183
8;308;-0.85103;0.60318;1.7118
9;308;-4.9972;-0.87024;1.556
6;309;5.1842;-1.1824;1.721
7;309;2.5817;0.5307;1.9183
8;309;-0.75836;0.58811;1.7118
9;309;-4.9239;-0.80355;1.556
6;310;5.2195;-1.2609;1.721
7;310;2.676;0.52842;1.9183
8;310;-0.67467;0.57888;1.7118
9;310;-4.8489;-0.73468;1.556
6;311;5.2493;-1.3323;1.721
7;311;2.7689;0.51488;1.9183
8;311;-0.59076;0.57081;1.7118
9;311;-4.7878;-0.66478;1.556
6;312;5.2741;-1.4;1.721
7;312;2.8579;0.494;1.9183
8;312;-0.49997;0.563;1.7118
9;312;-4.7376;-0.5917;1.556
6;313;5.2935;-1.4674;1.721
7;313;2.9429;0.46347;1.9183
8;313;-0.40222;0.55403;1.7118
9;313;-4.689;-0.51498;1.556
6;314;5.311;-1.5413;1.721
7;314;3.0252;0.43272;1.9183
8;314;-0.29614;0.54296;1.7118
9;314;-4.6376;-0.43587;1.556
6;315;5.3293;-1.6269;1.721
7;315;3.1075;0.40334;1.9183
8;315;-0.18857;0.52949;1.7118
9;315;-4.584;-0.35571;1.556
6;316;5.3477;-1.7149;1.721
7;316;3.1896;0.36912;1.9183
8;316;-0.083361;0.524;1.7118
9;316;-4.5316;-0.27541;1.556
6;317;5.3656;-1.8062;1.721
7;317;3.2718;0.33077;1.9183
8;317;0.012458;0.52958;1.7118
9;317;-4.4809;-0.19614;1.556
6;318;5.3773;-1.9008;1.721
7;318;3.3537;0.28701;1.9183
8;318;0.10524;0.53472;1.7118
9;318;-4.4297;-0.12327;1.556
6;319;5.38;-1.9891;1.721
7;319;3.4375;0.2414;1.9183
8;319;0.19378;0.54188;1.7118
9;319;-4.3729;-0.062245;1.556
6;320;5.3754;-2.0706;1.721
7;320;3.5269;0.2022;1.9183
8;320;0.29073;0.55184;1.7118
9;320;-4.305;-0.016078;1.556
7;321;3.6149;0.17454;1.9183
8;321;0.38513;0.56267;1.7118
9;321;-4.2337;0.018148;1.556
7;322;3.7046;0.15087;1.9183
8;322;0.48445;0.5786;1.7118
9;322;-4.1579;0.046045;1.556
7;323;3.7965;0.1275;1.9183
8;323;0.58055;0.58996;1.7118
9;323;-4.0759;0.071321;1.556
7;324;3.8844;0.102;1.9183
8;324;0.673;0.59206;1.7118
9;324;-3.9886;0.09244;1.556
7;325;3.9696;0.07035;1.9183
8;325;0.75857;0.58942;1.7118
9;325;-3.8972;0.10823;1.556
7;326;4.0534;0.031946;1.9183
8;326;0.84537;0.58537;1.7118
9;326;-3.8082;0.12585;1.556
7;327;4.1366;-0.01148;1.9183
8;327;0.93704;0.58233;1.7118
9;327;-3.7282;0.14659;1.556
10;327;-5.182;-2.0329;1.8154
7;328;4.2132;-0.062511;1.9183
8;328;1.0336;0.578;1.7118
9;328;-3.6544;0.17711;1.556
10;328;-5.1901;-1.9441;1.8154
7;329;4.2798;-0.12737;1.9183
8;329;1.1326;0.57077;1.7118
9;329;-3.5852;0.21686;1.556
10;329;-5.2031;-1.8586;1.8154
7;330;4.3367;-0.19793;1.9183
8;330;1.2279;0.56043;1.7118
9;330;-3.5164;0.26201;1.556
10;330;-5.2205;-1.7754;1.8154
7;331;4.3888;-0.26721;1.9183
8;331;1.3211;0.54917;1.7118
9;331;-3.4449;0.30883;1.556
10;331;-5.227;-1.695;1.8154
7;332;4.4395;-0.33444;1.9183
8;332;1.4125;0.53952;1.7118
9;332;-3.37;0.35543;1.556
10;332;-5.2229;-1.6206;1.8154
7;333;4.4884;-0.40289;1.9183
8;333;1.5071;0.536;1.7118
9;333;-3.2925;0.39968;1.556
10;333;-5.207;-1.5474;1.8154
7;334;4.5371;-0.47591;1.9183
8;334;1.6072;0.5331;1.7118
9;334;-3.2159;0.44018;1.556
10;334;-5.1813;-1.4747;1.8154
7;335;4.5874;-0.55271;1.9183
8;335;1.7065;0.54041;1.7118
9;335;-3.1369;0.47433;1.556
10;335;-5.1477;-1.3988;1.8154
7;336;4.6394;-0.62755;1.9183
8;336;1.8057;0.54774;1.7118
9;336;-3.0556;0.49562;1.556
10;336;-5.1079;-1.3236;1.8154
7;337;4.6974;-0.70332;1.9183
8;337;1.9051;0.55498;1.7118
9;337;-2.9698;0.50399;1.556
10;337;-5.0607;-1.2546;1.8154
7;338;4.757;-0.77607;1.9183
8;338;1.998;0.56864;1.7118
9;338;-2.8857;0.50612;1.556
10;338;-5.0103;-1.1897;1.8154
7;339;4.8139;-0.84504;1.9183
8;339;2.0882;0.57628;1.7118
9;339;-2.7987;0.50271;1.556
10;339;-4.9602;-1.1295;1.8154
7;340;4.8673;-0.91262;1.9183
8;340;2.1776;0.58168;1.7118
9;340;-2.7078;0.49848;1.556
10;340;-4.9141;-1.072;1.8154
7;341;4.9165;-0.9804;1.9183
8;341;2.2713;0.57117;1.7118
9;341;-2.6171;0.48746;1.556
10;341;-4.8767;-1.0113;1.8154
7;342;4.9615;-1.0521;1.9183
8;342;2.3605;0.5624;1.7118
9;342;-2.5254;0.4758;1.556
10;342;-4.8461;-0.94699;1.8154
7;343;5.0033;-1.1276;1.9183
8;343;2.4469;0.55107;1.7118
9;343;-2.433;0.47376;1.556
10;343;-4.8165;-0.87985;1.8154
7;344;5.0464;-1.2071;1.9183
8;344;2.5344;0.53957;1.7118
9;344;-2.3455;0.4796;1.556
10;344;-4.7829;-0.80926;1.8154
7;345;5.0812;-1.2857;1.9183
8;345;2.6242;0.52428;1.7118
9;345;-2.2615;0.4936;1.556
10;345;-4.7448;-0.7338;1.8154
7;346;5.1026;-1.366;1.9183
8;346;2.7141;0.50306;1.7118
9;346;-2.1788;0.51275;1.556
10;346;-4.7008;-0.65453;1.8154
7;347;5.114;-1.4436;1.9183
8;347;2.7962;0.48136;1.7118
9;347;-2.0951;0.5347;1.556
10;347;-4.6532;-0.57395;1.8154
7;348;5.118;-1.5165;1.9183
8;348;2.883;0.45547;1.7118
9;348;-2.0082;0.56055;1.556
10;348;-4.6057;-0.49257;1.8154
7;349;5.1163;-1.5853;1.9183
8;349;2.9704;0.43326;1.7118
9;349;-1.9207;0.58607;1.556
10;349;-4.5591;-0.41589;1.8154
7;350;5.1128;-1.6553;1.9183
8;350;3.0596;0.41465;1.7118
9;350;-1.8317;0.60912;1.556
10;350;-4.509;-0.3487;1.8154
7;351;5.1107;-1.731;1.9183
8;351;3.1493;0.39982;1.7118
9;351;-1.7385;0.62549;1.556
10;351;-4.4533;-0.29299;1.8154
7;352;5.1087;-1.8144;1.9183
8;352;3.2392;0.38528;1.7118
9;352;-1.6445;0.62897;1.556
10;352;-4.3917;-0.24634;1.8154
7;353;5.1022;-1.8993;1.9183
8;353;3.3325;0.3675;1.7118
9;353;-1.5503;0.62242;1.556
10;353;-4.3257;-0.20265;1.8154
7;354;5.0931;-1.9819;1.9183
8;354;3.4293;0.34878;1.7118
9;354;-1.4581;0.61218;1.556
10;354;-4.2555;-0.15976;1.8154
8;355;3.524;0.32744;1.7118
9;355;-1.3663;0.5992;1.556
10;355;-4.1803;-0.11845;1.8154
8;356;3.6172;0.30205;1.7118
9;356;-1.2751;0.58377;1.556
10;356;-4.1024;-0.08231;1.8154
8;357;3.7083;0.26962;1.7118
9;357;-1.1834;0.56615;1.556
10;357;-4.0243;-0.052909;1.8154
8;358;3.7966;0.22985;1.7118
9;358;-1.0882;0.5491;1.556
10;358;-3.9468;-0.029741;1.8154
8;359;3.8722;0.18783;1.7118
9;359;-0.98908;0.54148;1.556
10;359;-3.8709;-0.0058779;1.8154
8;360;3.9423;0.14702;1.7118
9;360;-0.88963;0.54871;1.556
10;360;-3.8004;0.023224;1.8154
8;361;4.0111;0.10749;1.7118
9;361;-0.79359;0.56666;1.556
10;361;-3.7363;0.057631;1.8154
8;362;4.0812;0.060921;1.7118
9;362;-0.70632;0.59404;1.556
10;362;-3.672;0.095416;1.8154
8;363;4.1539;0.006676;1.7118
9;363;-0.62469;0.62652;1.556
10;363;-3.6013;0.13344;1.8154
8;364;4.2284;-0.056;1.7118
9;364;-0.54261;0.65691;1.556
10;364;-3.522;0.16887;1.8154
8;365;4.3007;-0.11666;1.7118
9;365;-0.45687;0.68466;1.556
10;365;-3.4394;0.2032;1.8154
8;366;4.3748;-0.17446;1.7118
9;366;-0.365;0.71058;1.556
10;366;-3.3549;0.24005;1.8154
8;367;4.4463;-0.22924;1.7118
9;367;-0.26971;0.72656;1.556
10;367;-3.2693;0.27768;1.8154
8;368;4.5113;-0.28138;1.7118
9;368;-0.17651;0.72409;1.556
10;368;-3.1859;0.3127;1.8154
8;369;4.5718;-0.3343;1.7118
9;369;-0.083572;0.70626;1.556
10;369;-3.1107;0.34324;1.8154
8;370;4.6323;-0.38962;1.7118
9;370;0.0090503;0.68668;1.556
10;370;-3.0321;0.36165;1.8154
8;371;4.6972;-0.44854;1.7118
9;371;0.10408;0.66446;1.556
10;371;-2.9569;0.37166;1.8154
8;372;4.7648;-0.51345;1.7118
9;372;0.20481;0.64159;1.556
10;372;-2.8769;0.38161;1.8154
8;373;4.8326;-0.58124;1.7118
9;373;0.30544;0.61538;1.556
10;373;-2.7937;0.38821;1.8154
8;374;4.8998;-0.65777;1.7118
9;374;0.40711;0.58892;1.556
10;374;-2.706;0.39258;1.8154
8;375;4.9593;-0.74297;1.7118
9;375;0.50566;0.57082;1.556
10;375;-2.6169;0.39207;1.8154
8;376;5.0054;-0.82734;1.7118
9;376;0.60005;0.57156;1.556
10;376;-2.5252;0.38701;1.8154
8;377;5.0389;-0.90725;1.7118
9;377;0.69893;0.57915;1.556
10;377;-2.4307;0.37998;1.8154
8;378;5.0657;-0.98781;1.7118
9;378;0.80524;0.59013;1.556
10;378;-2.3388;0.37668;1.8154
8;379;5.0862;-1.0713;1.7118
9;379;0.9165;0.60014;1.556
10;379;-2.2506;0.38194;1.8154
11;379;-5.2612;-2.0283;1.8283
8;380;5.1041;-1.1583;1.7118
9;380;1.0301;0.61788;1.556
10;380;-2.1686;0.39678;1.8154
11;380;-5.2655;-1.9543;1.8283
8;381;5.1238;-1.2483;1.7118
9;381;1.144;0.63986;1.556
10;381;-2.0856;0.41614;1.8154
11;381;-5.271;-1.8829;1.8283
8;382;5.1448;-1.3355;1.7118
9;382;1.2516;0.66154;1.556
10;382;-2.0015;0.43433;1.8154
11;382;-5.2713;-1.8091;1.8283
8;383;5.1734;-1.4255;1.7118
9;383;1.3462;0.6777;1.556
10;383;-1.9186;0.45414;1.8154
11;383;-5.2686;-1.7325;1.8283
8;384;5.1999;-1.5113;1.7118
9;384;1.431;0.67752;1.556
10;384;-1.8306;0.47275;1.8154
11;384;-5.2607;-1.65;1.8283
8;385;5.2182;-1.5896;1.7118
9;385;1.5088;0.66311;1.556
10;385;-1.7457;0.49603;1.8154
11;385;-5.2531;-1.5658;1.8283
8;386;5.2289;-1.6667;1.7118
9;386;1.5865;0.64293;1.556
10;386;-1.6507;0.51755;1.8154
11;386;-5.2464;-1.4825;1.8283
8;387;5.2383;-1.7463;1.7118
9;387;1.6741;0.61575;1.556
10;387;-1.555;0.53242;1.8154
11;387;-5.2429;-1.4042;1.8283
8;388;5.2511;-1.8318;1.7118
9;388;1.7682;0.58841;1.556
10;388;-1.4618;0.54013;1.8154
11;388;-5.2355;-1.3288;1.8283
8;389;5.2639;-1.9205;1.7118
9;389;1.866;0.56566;1.556
10;389;-1.3688;0.53839;1.8154
11;389;-5.2193;-1.258;1.8283
8;390;5.2738;-2.0101;1.7118
9;390;1.9612;0.54857;1.556
10;390;-1.2783;0.53536;1.8154
11;390;-5.1947;-1.1877;1.8283
9;391;2.0558;0.54759;1.556
10;391;-1.1866;0.52842;1.8154
11;391;-5.1623;-1.1162;1.8283
9;392;2.155;0.56002;1.556
10;392;-1.0951;0.52193;1.8154
11;392;-5.1233;-1.0426;1.8283
9;393;2.2511;0.58153;1.556
10;393;-1.0053;0.51412;1.8154
11;393;-5.0804;-0.97044;1.8283
9;394;2.3458;0.60525;1.556
10;394;-0.91012;0.50076;1.8154
11;394;-5.0349;-0.90052;1.8283
9;395;2.4406;0.62977;1.556
10;395;-0.8121;0.48621;1.8154
11;395;-4.9867;-0.83511;1.8283
9;396;2.5355;0.65258;1.556
10;396;-0.71537;0.47136;1.8154
11;396;-4.9385;-0.774;1.8283
9;397;2.6364;0.67308;1.556
10;397;-0.61981;0.46523;1.8154
11;397;-4.8922;-0.71378;1.8283
9;398;2.7407;0.67993;1.556
10;398;-0.52935;0.47119;1.8154
11;398;-4.8497;-0.65226;1.8283
9;399;2.8376;0.66373;1.556
10;399;-0.44333;0.48486;1.8154
11;399;-4.8077;-0.58845;1.8283
9;400;2.9248;0.62391;1.556
10;400;-0.36048;0.50176;1.8154
11;400;-4.7636;-0.52331;1.8283
9;401;2.9975;0.57103;1.556
10;401;-0.2777;0.52177;1.8154
11;401;-4.7173;-0.45639;1.8283
9;402;3.0676;0.5144;1.556
10;402;-0.19339;0.54385;1.8154
11;402;-4.6677;-0.38717;1.8283
9;403;3.1429;0.45928;1.556
10;403;-0.10652;0.56907;1.8154
11;403;-4.6168;-0.318;1.8283
9;404;3.2207;0.40856;1.556
10;404;-0.016719;0.60065;1.8154
11;404;-4.5665;-0.25015;1.8283
9;405;3.3053;0.35824;1.556
10;405;0.072628;0.62605;1.8154
11;405;-4.5172;-0.18614;1.8283
9;406;3.3908;0.30911;1.556
10;406;0.15872;0.64204;1.8154
11;406;-4.4669;-0.12706;1.8283
9;407;3.4768;0.27082;1.556
10;407;0.24542;0.64812;1.8154
11;407;-4.4116;-0.075744;1.8283
9;408;3.5686;0.24441;1.556
10;408;0.33794;0.64792;1.8154
11;408;-4.3526;-0.032118;1.8283
9;409;3.6614;0.22318;1.556
10;409;0.42865;0.64205;1.8154
11;409;-4.2915;0.0091036;1.8283
9;410;3.7505;0.20167;1.556
10;410;0.52541;0.6337;1.8154
11;410;-4.2272;0.050163;1.8283
9;411;3.8412;0.1769;1.556
10;411;0.6245;0.62627;1.8154
11;411;-4.1574;0.090532;1.8283
9;412;3.9349;0.14725;1.556
10;412;0.71639;0.61531;1.8154
11;412;-4.0845;0.12659;1.8283
9;413;4.0301;0.11;1.556
10;413;0.81538;0.60386;1.8154
11;413;-4.01;0.15725;1.8283
9;414;4.1243;0.067625;1.556
10;414;0.90229;0.58629;1.8154
11;414;-3.9328;0.18305;1.8283
9;415;4.2052;0.012399;1.556
10;415;0.99047;0.57678;1.8154
11;415;-3.8562;0.20828;1.8283
9;416;4.2726;-0.055964;1.556
10;416;1.0784;0.57568;1.8154
11;416;-3.7816;0.23684;1.8283
9;417;4.3275;-0.12522;1.556
10;417;1.1664;0.58183;1.8154
11;417;-3.7096;0.26697;1.8283
9;418;4.3756;-0.19481;1.556
10;418;1.2593;0.59255;1.8154
11;418;-3.6371;0.29697;1.8283
9;419;4.4176;-0.26635;1.556
10;419;1.361;0.60306;1.8154
11;419;-3.5617;0.32736;1.8283
9;420;4.4542;-0.34178;1.556
10;420;1.4647;0.61634;1.8154
11;420;-3.4826;0.35838;1.8283
9;421;4.4914;-0.42484;1.556
10;421;1.5684;0.62953;1.8154
11;421;-3.4025;0.39021;1.8283
9;422;4.5336;-0.51078;1.556
10;422;1.6722;0.64908;1.8154
11;422;-3.3205;0.42264;1.8283
9;423;4.5804;-0.5913;1.556
10;423;1.7698;0.66414;1.8154
11;423;-3.2387;0.45232;1.8283
9;424;4.6347;-0.66823;1.556
10;424;1.8577;0.67188;1.8154
11;424;-3.1589;0.47464;1.8283
9;425;4.6901;-0.74043;1.556
10;425;1.9501;0.6645;1.8154
11;425;-3.0821;0.48625;1.8283
9;426;4.7449;-0.80841;1.556
10;426;2.0409;0.65074;1.8154
11;426;-3.0051;0.49257;1.8283
9;427;4.799;-0.87315;1.556
10;427;2.1365;0.62946;1.8154
11;427;-2.9285;0.49809;1.8283
9;428;4.8554;-0.93764;1.556
10;428;2.2346;0.61855;1.8154
11;428;-2.8534;0.50526;1.8283
9;429;4.9161;-1.0085;1.556
10;429;2.3291;0.59967;1.8154
11;429;-2.7746;0.50983;1.8283
9;430;4.9781;-1.0879;1.556
10;430;2.4207;0.57688;1.8154
11;430;-2.6921;0.50968;1.8283
9;431;5.0285;-1.1712;1.556
10;431;2.5041;0.54478;1.8154
11;431;-2.6087;0.50487;1.8283
9;432;5.0648;-1.2604;1.556
10;432;2.5897;0.51059;1.8154
11;432;-2.5247;0.49718;1.8283
9;433;5.0874;-1.3482;1.556
10;433;2.6803;0.47687;1.8154
11;433;-2.4369;0.49086;1.8283
9;434;5.0989;-1.435;1.556
10;434;2.7653;0.45339;1.8154
11;434;-2.3441;0.48873;1.8283
9;435;5.102;-1.5209;1.556
10;435;2.8549;0.44229;1.8154
11;435;-2.2528;0.49203;1.8283
9;436;5.0974;-1.6103;1.556
10;436;2.942;0.43287;1.8154
11;436;-2.1624;0.49809;1.8283
12;436;-5.0877;-2.0305;1.7918
9;437;5.0891;-1.7081;1.556
10;437;3.0285;0.42341;1.8154
11;437;-2.0775;0.50904;1.8283
12;437;-5.077;-1.9548;1.7918
9;438;5.0811;-1.8168;1.556
10;438;3.1159;0.41195;1.8154
11;438;-1.993;0.52049;1.8283
12;438;-5.0712;-1.8889;1.7918
9;439;5.0711;-1.9292;1.556
10;439;3.2082;0.39965;1.8154
11;439;-1.9055;0.53291;1.8283
12;439;-5.0773;-1.834;1.7918
9;440;5.0698;-2.0403;1.556
10;440;3.3004;0.38664;1.8154
11;440;-1.8192;0.54788;1.8283
12;440;-5.0866;-1.778;1.7918
9;441;5.0639;-2.1366;1.556
10;441;3.3924;0.37023;1.8154
11;441;-1.7258;0.56072;1.8283
12;441;-5.0922;-1.7107;1.7918
10;442;3.4813;0.34656;1.8154
11;442;-1.635;0.56807;1.8283
12;442;-5.0918;-1.6293;1.7918
10;443;3.5657;0.31249;1.8154
11;443;-1.5401;0.56757;1.8283
12;443;-5.0875;-1.5414;1.7918
10;444;3.6481;0.26961;1.8154
11;444;-1.4505;0.56589;1.8283
12;444;-5.0809;-1.4553;1.7918
10;445;3.7219;0.2215;1.8154
11;445;-1.3674;0.56433;1.8283
12;445;-5.0723;-1.3776;1.7918
10;446;3.7942;0.16889;1.8154
11;446;-1.2853;0.56276;1.8283
12;446;-5.0614;-1.3068;1.7918
10;447;3.8616;0.11282;1.8154
11;447;-1.2048;0.55844;1.8283
12;447;-5.0452;-1.242;1.7918
10;448;3.9253;0.053838;1.8154
11;448;-1.1248;0.55297;1.8283
12;448;-5.0231;-1.1789;1.7918
10;449;3.9869;-0.010491;1.8154
11;449;-1.0403;0.54333;1.8283
12;449;-4.9942;-1.1127;1.7918
10;450;4.0454;-0.081451;1.8154
11;450;-0.94505;0.53212;1.8283
12;450;-4.9573;-1.0416;1.7918
10;451;4.1064;-0.15098;1.8154
11;451;-0.85127;0.52096;1.8283
12;451;-4.9127;-0.96903;1.7918
10;452;4.1741;-0.20794;1.8154
11;452;-0.75775;0.51577;1.8283
12;452;-4.8627;-0.89934;1.7918
10;453;4.2454;-0.25525;1.8154
11;453;-0.67406;0.51465;1.8283
12;453;-4.8099;-0.83799;1.7918
10;454;4.3168;-0.30032;1.8154
11;454;-0.59643;0.5169;1.8283
12;454;-4.7597;-0.78161;1.7918
10;455;4.3872;-0.34662;1.8154
11;455;-0.51789;0.52373;1.8283
12;455;-4.7166;-0.72845;1.7918
10;456;4.4574;-0.39738;1.8154
11;456;-0.43604;0.53331;1.8283
12;456;-4.6798;-0.67405;1.7918
10;457;4.5291;-0.45287;1.8154
11;457;-0.35037;0.54453;1.8283
12;457;-4.6446;-0.61493;1.7918
10;458;4.6046;-0.51688;1.8154
11;458;-0.25901;0.55551;1.8283
12;458;-4.6034;-0.54976;1.7918
10;459;4.6833;-0.58779;1.8154
11;459;-0.16521;0.56446;1.8283
12;459;-4.5556;-0.47983;1.7918
10;460;4.7552;-0.66152;1.8154
11;460;-0.07211;0.56876;1.8283
12;460;-4.5049;-0.40808;1.7918
10;461;4.813;-0.74099;1.8154
11;461;0.01715;0.56656;1.8283
12;461;-4.4543;-0.34;1.7918
10;462;4.8552;-0.82106;1.8154
11;462;0.10422;0.56241;1.8283
12;462;-4.4044;-0.27824;1.7918
10;463;4.8884;-0.90021;1.8154
11;463;0.19029;0.5596;1.8283
12;463;-4.3538;-0.22557;1.7918
10;464;4.9161;-0.97803;1.8154
11;464;0.27709;0.55511;1.8283
12;464;-4.2994;-0.18128;1.7918
10;465;4.9394;-1.0561;1.8154
11;465;0.36768;0.54946;1.8283
12;465;-4.2413;-0.13751;1.7918
10;466;4.9606;-1.1357;1.8154
11;466;0.46139;0.54036;1.8283
12;466;-4.1777;-0.092837;1.7918
10;467;4.9749;-1.2219;1.8154
11;467;0.55581;0.52878;1.8283
12;467;-4.1071;-0.048629;1.7918
10;468;4.9803;-1.3143;1.8154
11;468;0.64859;0.5173;1.8283
12;468;-4.0306;-0.0078368;1.7918
10;469;4.989;-1.4091;1.8154
11;469;0.73648;0.50905;1.8283
12;469;-3.9514;0.025616;1.7918
10;470;5.0097;-1.499;1.8154
11;470;0.82019;0.50637;1.8283
12;470;-3.8722;0.052295;1.7918
10;471;5.038;-1.5796;1.8154
11;471;0.90355;0.50984;1.8283
12;471;-3.7985;0.078557;1.7918
10;472;5.0649;-1.6545;1.8154
11;472;0.99163;0.51621;1.8283
12;472;-3.7284;0.10877;1.7918
13;472;-5.3673;-2.0509;1.7297
10;473;5.0854;-1.7278;1.8154
11;473;1.0858;0.5266;1.8283
12;473;-3.6591;0.1433;1.7918
13;473;-5.3848;-1.9725;1.7297
10;474;5.1013;-1.804;1.8154
11;474;1.1803;0.53728;1.8283
12;474;-3.5876;0.18189;1.7918
13;474;-5.4008;-1.8889;1.7297
10;475;5.1166;-1.8848;1.8154
11;475;1.2714;0.55018;1.8283
12;475;-3.5118;0.2241;1.7918
13;475;-5.4097;-1.8044;1.7297
10;476;5.1341;-1.9726;1.8154
11;476;1.3598;0.56313;1.8283
12;476;-3.4326;0.26967;1.7918
13;476;-5.4117;-1.7163;1.7297
11;477;1.4472;0.57709;1.8283
12;477;-3.352;0.31369;1.7918
13;477;-5.4076;-1.6286;1.7297
11;478;1.5334;0.58066;1.8283
12;478;-3.2725;0.35231;1.7918
13;478;-5.4014;-1.5433;1.7297
11;479;1.6205;0.57951;1.8283
12;479;-3.199;0.38675;1.7918
13;479;-5.3933;-1.4624;1.7297
11;480;1.7063;0.57989;1.8283
12;480;-3.1218;0.41103;1.7918
13;480;-5.3855;-1.384;1.7297
11;481;1.7939;0.58151;1.8283
12;481;-3.0402;0.42438;1.7918
13;481;-5.378;-1.3048;1.7297
11;482;1.8893;0.57876;1.8283
12;482;-2.9607;0.43399;1.7918
13;482;-5.3623;-1.2232;1.7297
11;483;1.9806;0.57536;1.8283
12;483;-2.8805;0.44276;1.7918
13;483;-5.3354;-1.1415;1.7297
11;484;2.0681;0.56859;1.8283
12;484;-2.7946;0.45162;1.7918
13;484;-5.301;-1.0579;1.7297
11;485;2.159;0.55441;1.8283
12;485;-2.7024;0.45627;1.7918
13;485;-5.2617;-0.97456;1.7297
11;486;2.2491;0.53999;1.8283
12;486;-2.6086;0.45556;1.7918
13;486;-5.2217;-0.89464;1.7297
11;487;2.34;0.53419;1.8283
12;487;-2.52;0.45286;1.7918
13;487;-5.184;-0.82102;1.7297
11;488;2.4295;0.52712;1.8283
12;488;-2.432;0.45099;1.7918
13;488;-5.1435;-0.75111;1.7297
11;489;2.5157;0.52269;1.8283
12;489;-2.3453;0.45874;1.7918
13;489;-5.1019;-0.68284;1.7297
11;490;2.6033;0.5198;1.8283
12;490;-2.2581;0.4709;1.7918
13;490;-5.0598;-0.61475;1.7297
11;491;2.6892;0.51512;1.8283
12;491;-2.1709;0.4848;1.7918
13;491;-5.0154;-0.54644;1.7297
11;492;2.7784;0.51292;1.8283
12;492;-2.0794;0.50319;1.7918
13;492;-4.9663;-0.4786;1.7297
11;493;2.8715;0.50869;1.8283
12;493;-1.9892;0.52097;1.7918
13;493;-4.9124;-0.41237;1.7297
11;494;2.9613;0.49889;1.8283
12;494;-1.8935;0.53461;1.7918
13;494;-4.855;-0.35053;1.7297
11;495;3.0471;0.48598;1.8283
12;495;-1.8027;0.54288;1.7918
13;495;-4.7969;-0.2911;1.7297
11;496;3.1286;0.46525;1.8283
12;496;-1.7137;0.54498;1.7918
13;496;-4.7425;-0.23147;1.7297
11;497;3.2044;0.44308;1.8283
12;497;-1.6198;0.53803;1.7918
13;497;-4.687;-0.17175;1.7297
11;498;3.2796;0.42063;1.8283
12;498;-1.5243;0.5317;1.7918
13;498;-4.6291;-0.11144;1.7297
11;499;3.353;0.39431;1.8283
12;499;-1.4405;0.52804;1.7918
13;499;-4.5583;-0.059059;1.7297
11;500;3.4274;0.36388;1.8283
12;500;-1.3546;0.52271;1.7918
13;500;-4.4816;-0.0083102;1.7297
11;501;3.5029;0.32425;1.8283
12;501;-1.2646;0.51364;1.7918
13;501;-4.4008;0.040499;1.7297
11;502;3.5766;0.27977;1.8283
12;502;-1.1663;0.50051;1.7918
13;502;-4.3178;0.084932;1.7297
11;503;3.6512;0.23071;1.8283
12;503;-1.0645;0.48391;1.7918
13;503;-4.2357;0.12138;1.7297
11;504;3.7248;0.18419;1.8283
12;504;-0.97245;0.47782;1.7918
13;504;-4.1554;0.15062;1.7297
11;505;3.7998;0.13919;1.8283
12;505;-0.87885;0.47911;1.7918
13;505;-4.0732;0.17874;1.7297
11;506;3.8707;0.098612;1.8283
12;506;-0.79154;0.48666;1.7918
13;506;-3.9893;0.20738;1.7297
11;507;3.9386;0.061559;1.8283
12;507;-0.71063;0.49563;1.7918
13;507;-3.9066;0.23589;1.7297
11;508;4.0063;0.02567;1.8283
12;508;-0.6247;0.50133;1.7918
13;508;-3.825;0.26521;1.7297
11;509;4.0753;-0.012382;1.8283
12;509;-0.53474;0.5144;1.7918
13;509;-3.7425;0.29475;1.7297
11;510;4.1485;-0.053694;1.8283
12;510;-0.44192;0.52665;1.7918
13;510;-3.6585;0.32321;1.7297
14;510;-5.2867;-1.9842;1.9131
11;511;4.226;-0.10162;1.8283
12;511;-0.35223;0.53214;1.7918
13;511;-3.5736;0.34807;1.7297
14;511;-5.2683;-1.9147;1.9131
11;512;4.3011;-0.15292;1.8283
12;512;-0.26805;0.53242;1.7918
13;512;-3.4884;0.3686;1.7297
14;512;-5.2553;-1.8447;1.9131
11;513;4.3711;-0.213;1.8283
12;513;-0.18433;0.52625;1.7918
13;513;-3.4021;0.3885;1.7297
14;513;-5.2554;-1.7693;1.9131
11;514;4.4326;-0.27915;1.8283
12;514;-0.10482;0.52074;1.7918
13;514;-3.3136;0.40633;1.7297
14;514;-5.2628;-1.6907;1.9131
11;515;4.4875;-0.34354;1.8283
12;515;-0.026357;0.51639;1.7918
13;515;-3.2207;0.41829;1.7297
14;515;-5.2669;-1.6067;1.9131
11;516;4.5373;-0.40532;1.8283
12;516;0.055569;0.51292;1.7918
13;516;-3.1328;0.42875;1.7297
14;516;-5.2649;-1.5212;1.9131
11;517;4.5823;-0.46616;1.8283
12;517;0.14838;0.50577;1.7918
13;517;-3.0487;0.43981;1.7297
14;517;-5.2564;-1.44;1.9131
11;518;4.6215;-0.52723;1.8283
12;518;0.24506;0.49313;1.7918
13;518;-2.9634;0.4497;1.7297
14;518;-5.2406;-1.3677;1.9131
11;519;4.6519;-0.59011;1.8283
12;519;0.33951;0.47438;1.7918
13;519;-2.8795;0.45645;1.7297
14;519;-5.2297;-1.3001;1.9131
11;520;4.6821;-0.65893;1.8283
12;520;0.42495;0.4619;1.7918
13;520;-2.7939;0.46211;1.7297
14;520;-5.2251;-1.2295;1.9131
11;521;4.7188;-0.73531;1.8283
12;521;0.50879;0.45853;1.7918
13;521;-2.7069;0.46381;1.7297
14;521;-5.2137;-1.1574;1.9131
11;522;4.7615;-0.81505;1.8283
12;522;0.58628;0.46419;1.7918
13;522;-2.6209;0.46436;1.7297
14;522;-5.1898;-1.0862;1.9131
11;523;4.8076;-0.89173;1.8283
12;523;0.66676;0.47406;1.7918
13;523;-2.5327;0.46586;1.7297
14;523;-5.1572;-1.0189;1.9131
11;524;4.8521;-0.962;1.8283
12;524;0.75501;0.48603;1.7918
13;524;-2.4487;0.47;1.7297
14;524;-5.1174;-0.94993;1.9131
11;525;4.8925;-1.0284;1.8283
12;525;0.85469;0.49876;1.7918
13;525;-2.3662;0.47031;1.7297
14;525;-5.0725;-0.87996;1.9131
11;526;4.9304;-1.0939;1.8283
12;526;0.95117;0.51123;1.7918
13;526;-2.2845;0.46871;1.7297
14;526;-5.0259;-0.81141;1.9131
11;527;4.9664;-1.1602;1.8283
12;527;1.0404;0.5192;1.7918
13;527;-2.2045;0.46572;1.7297
14;527;-4.9793;-0.74603;1.9131
11;528;5.0028;-1.2311;1.8283
12;528;1.1181;0.52547;1.7918
13;528;-2.1185;0.46228;1.7297
14;528;-4.9306;-0.68502;1.9131
11;529;5.0415;-1.3108;1.8283
12;529;1.1958;0.52383;1.7918
13;529;-2.0311;0.45903;1.7297
14;529;-4.878;-0.62754;1.9131
11;530;5.0808;-1.3979;1.8283
12;530;1.2708;0.51409;1.7918
13;530;-1.9427;0.45911;1.7297
14;530;-4.824;-0.56959;1.9131
11;531;5.1124;-1.4844;1.8283
12;531;1.3478;0.5064;1.7918
13;531;-1.8529;0.45399;1.7297
14;531;-4.7718;-0.50341;1.9131
11;532;5.1353;-1.5684;1.8283
12;532;1.4307;0.49999;1.7918
13;532;-1.7625;0.4469;1.7297
14;532;-4.7215;-0.43219;1.9131
11;533;5.1508;-1.6483;1.8283
12;533;1.5238;0.4928;1.7918
13;533;-1.6797;0.44082;1.7297
14;533;-4.6756;-0.35797;1.9131
11;534;5.1597;-1.7234;1.8283
12;534;1.6224;0.48248;1.7918
13;534;-1.5941;0.44055;1.7297
14;534;-4.6283;-0.28109;1.9131
11;535;5.1621;-1.7952;1.8283
12;535;1.7193;0.465;1.7918
13;535;-1.511;0.44084;1.7297
14;535;-4.5788;-0.20755;1.9131
11;536;5.1578;-1.868;1.8283
12;536;1.8142;0.44822;1.7918
13;536;-1.4266;0.44056;1.7297
14;536;-4.5307;-0.14131;1.9131
11;537;5.1484;-1.9454;1.8283
12;537;1.9016;0.43672;1.7918
13;537;-1.339;0.43611;1.7297
14;537;-4.4824;-0.078819;1.9131
11;538;5.1375;-2.0301;1.8283
12;538;1.9904;0.43107;1.7918
13;538;-1.2449;0.42755;1.7297
14;538;-4.4302;-0.017207;1.9131
12;539;2.0778;0.43078;1.7918
13;539;-1.145;0.42412;1.7297
14;539;-4.373;0.035744;1.9131
12;540;2.1641;0.43289;1.7918
13;540;-1.0486;0.42273;1.7297
14;540;-4.3077;0.078091;1.9131
12;541;2.2564;0.43692;1.7918
13;541;-0.9603;0.42777;1.7297
14;541;-4.2316;0.11082;1.9131
12;542;2.3509;0.44175;1.7918
13;542;-0.87548;0.43203;1.7297
14;542;-4.1519;0.13826;1.9131
12;543;2.4435;0.44655;1.7918
13;543;-0.79065;0.43478;1.7297
14;543;-4.0696;0.16582;1.9131
12;544;2.5265;0.44411;1.7918
13;544;-0.70249;0.436;1.7297
14;544;-3.9851;0.19655;1.9131
12;545;2.6019;0.43597;1.7918
13;545;-0.61079;0.43569;1.7297
14;545;-3.9047;0.22566;1.9131
12;546;2.6758;0.41942;1.7918
13;546;-0.52225;0.43533;1.7297
14;546;-3.8245;0.24811;1.9131
12;547;2.7456;0.40144;1.7918
13;547;-0.43276;0.43199;1.7297
14;547;-3.7387;0.26607;1.9131
12;548;2.8139;0.38545;1.7918
13;548;-0.3499;0.4293;1.7297
14;548;-3.6529;0.27925;1.9131
12;549;2.8869;0.36847;1.7918
13;549;-0.27496;0.42786;1.7297
14;549;-3.5706;0.29798;1.9131
12;550;2.9661;0.34391;1.7918
13;550;-0.1975;0.42398;1.7297
14;550;-3.4904;0.32502;1.9131
15;550;-5.1795;-2.0361;1.7158
12;551;3.0411;0.31733;1.7918
13;551;-0.11766;0.42205;1.7297
14;551;-3.4109;0.35513;1.9131
15;551;-5.173;-1.9484;1.7158
12;552;3.1211;0.28031;1.7918
13;552;-0.032912;0.4198;1.7297
14;552;-3.3324;0.38207;1.9131
15;552;-5.1634;-1.8586;1.7158
12;553;3.1939;0.24822;1.7918
13;553;0.053961;0.41659;1.7297
14;553;-3.2547;0.40596;1.9131
15;553;-5.1516;-1.7753;1.7158
12;554;3.2667;0.21858;1.7918
13;554;0.13692;0.41564;1.7297
14;554;-3.176;0.42775;1.9131
15;554;-5.1382;-1.6966;1.7158
12;555;3.3434;0.19656;1.7918
13;555;0.22668;0.41712;1.7297
14;555;-3.0964;0.44852;1.9131
15;555;-5.1319;-1.6207;1.7158
12;556;3.4194;0.17937;1.7918
13;556;0.31857;0.41904;1.7297
14;556;-3.0079;0.46408;1.9131
15;556;-5.1327;-1.5482;1.7158
12;557;3.4999;0.16153;1.7918
13;557;0.4066;0.42637;1.7297
14;557;-2.9218;0.47418;1.9131
15;557;-5.1371;-1.4759;1.7158
12;558;3.5876;0.14277;1.7918
13;558;0.4992;0.43323;1.7297
14;558;-2.8347;0.47569;1.9131
15;558;-5.1339;-1.3999;1.7158
12;559;3.6774;0.1206;1.7918
13;559;0.5897;0.44254;1.7297
14;559;-2.7465;0.47132;1.9131
15;559;-5.1221;-1.3166;1.7158
12;560;3.7612;0.091352;1.7918
13;560;0.67636;0.44914;1.7297
14;560;-2.6587;0.46336;1.9131
15;560;-5.1037;-1.2293;1.7158
12;561;3.8353;0.060128;1.7918
13;561;0.76699;0.45391;1.7297
14;561;-2.5751;0.45434;1.9131
15;561;-5.0842;-1.1397;1.7158
12;562;3.9061;0.01737;1.7918
13;562;0.85177;0.45562;1.7297
14;562;-2.4945;0.44603;1.9131
15;562;-5.0656;-1.0527;1.7158
12;563;3.9724;-0.031608;1.7918
13;563;0.93583;0.46205;1.7297
14;563;-2.4187;0.43505;1.9131
15;563;-5.0472;-0.97117;1.7158
12;564;4.0331;-0.078323;1.7918
13;564;1.0199;0.46483;1.7297
14;564;-2.3434;0.42548;1.9131
15;564;-5.026;-0.89357;1.7158
12;565;4.0916;-0.12493;1.7918
13;565;1.1058;0.4625;1.7297
14;565;-2.265;0.417;1.9131
15;565;-5.0031;-0.82103;1.7158
12;566;4.1513;-0.17537;1.7918
13;566;1.1912;0.46044;1.7297
14;566;-2.1863;0.40701;1.9131
15;566;-4.9755;-0.75315;1.7158
12;567;4.2115;-0.23404;1.7918
13;567;1.2784;0.45781;1.7297
14;567;-2.1081;0.40695;1.9131
15;567;-4.94;-0.68523;1.7158
12;568;4.2713;-0.30325;1.7918
13;568;1.3672;0.4587;1.7297
14;568;-2.0306;0.41107;1.9131
15;568;-4.8967;-0.6153;1.7158
12;569;4.325;-0.37232;1.7918
13;569;1.4575;0.46149;1.7297
14;569;-1.9504;0.42037;1.9131
15;569;-4.8466;-0.54404;1.7158
12;570;4.3805;-0.44064;1.7918
13;570;1.5432;0.46218;1.7297
14;570;-1.8729;0.43082;1.9131
15;570;-4.7917;-0.47459;1.7158
12;571;4.4419;-0.50184;1.7918
13;571;1.625;0.46116;1.7297
14;571;-1.799;0.4397;1.9131
15;571;-4.7367;-0.41044;1.7158
12;572;4.5036;-0.55531;1.7918
13;572;1.7092;0.4615;1.7297
14;572;-1.7244;0.45113;1.9131
15;572;-4.6851;-0.35284;1.7158
12;573;4.5638;-0.60703;1.7918
13;573;1.7909;0.46787;1.7297
14;573;-1.6457;0.4606;1.9131
15;573;-4.635;-0.29834;1.7158
12;574;4.6255;-0.66298;1.7918
13;574;1.8735;0.47163;1.7297
14;574;-1.5597;0.47097;1.9131
15;574;-4.5871;-0.2454;1.7158
12;575;4.6877;-0.7216;1.7918
13;575;1.9603;0.47434;1.7297
14;575;-1.4799;0.48501;1.9131
15;575;-4.5396;-0.19283;1.7158
12;576;4.7483;-0.78512;1.7918
13;576;2.0481;0.47557;1.7297
14;576;-1.3964;0.49286;1.9131
15;576;-4.4887;-0.13908;1.7158
12;577;4.8031;-0.85086;1.7918
13;577;2.1375;0.47165;1.7297
14;577;-1.3125;0.48913;1.9131
15;577;-4.4313;-0.084172;1.7158
12;578;4.8499;-0.92008;1.7918
13;578;2.2247;0.46698;1.7297
14;578;-1.23;0.47771;1.9131
15;578;-4.3684;-0.028789;1.7158
12;579;4.8886;-0.99561;1.7918
13;579;2.3096;0.4625;1.7297
14;579;-1.1531;0.46664;1.9131
15;579;-4.3044;0.026472;1.7158
12;580;4.921;-1.0701;1.7918
13;580;2.3968;0.45457;1.7297
14;580;-1.0739;0.45468;1.9131
15;580;-4.2411;0.079842;1.7158
12;581;4.9472;-1.1405;1.7918
13;581;2.4812;0.44169;1.7297
14;581;-0.99269;0.4436;1.9131
15;581;-4.1781;0.12888;1.7158
12;582;4.9685;-1.2111;1.7918
13;582;2.5672;0.42954;1.7297
14;582;-0.90784;0.43077;1.9131
15;582;-4.1142;0.1752;1.7158
12;583;4.987;-1.2875;1.7918
13;583;2.65;0.41854;1.7297
14;583;-0.81966;0.41143;1.9131
15;583;-4.048;0.214;1.7158
12;584;5.0039;-1.3734;1.7918
13;584;2.7328;0.40664;1.7297
14;584;-0.73198;0.39633;1.9131
15;584;-3.9775;0.24522;1.7158
12;585;5.0182;-1.4615;1.7918
13;585;2.8165;0.39031;1.7297
14;585;-0.63944;0.39499;1.9131
15;585;-3.9048;0.27313;1.7158
12;586;5.0329;-1.5455;1.7918
13;586;2.9044;0.37413;1.7297
14;586;-0.55417;0.40791;1.9131
15;586;-3.8299;0.3007;1.7158
12;587;5.0546;-1.6286;1.7918
13;587;2.9911;0.3574;1.7297
14;587;-0.4753;0.42696;1.9131
15;587;-3.7528;0.32603;1.7158
12;588;5.0792;-1.704;1.7918
13;588;3.0804;0.33755;1.7297
14;588;-0.39753;0.44571;1.9131
15;588;-3.6738;0.34582;1.7158
12;589;5.0996;-1.7724;1.7918
13;589;3.1713;0.31717;1.7297
14;589;-0.32134;0.46395;1.9131
15;589;-3.5953;0.35772;1.7158
12;590;5.1161;-1.8425;1.7918
13;590;3.2581;0.30277;1.7297
14;590;-0.24318;0.4812;1.9131
15;590;-3.5169;0.3644;1.7158
16;590;-5.1524;-2.1661;1.5661
12;591;5.1305;-1.9177;1.7918
13;591;3.3407;0.28881;1.7297
14;591;-0.16201;0.49461;1.9131
15;591;-3.4408;0.37191;1.7158
16;591;-5.1651;-2.0901;1.5661
12;592;5.1438;-1.9969;1.7918
13;592;3.4199;0.27345;1.7297
14;592;-0.079662;0.5065;1.9131
15;592;-3.3656;0.38458;1.7158
16;592;-5.1681;-2.0104;1.5661
13;593;3.4946;0.25406;1.7297
14;593;-0.00027343;0.51635;1.9131
15;593;-3.2918;0.39833;1.7158
16;593;-5.1603;-1.9259;1.5661
13;594;3.5706;0.23248;1.7297
14;594;0.078235;0.51764;1.9131
15;594;-3.2162;0.41596;1.7158
16;594;-5.1451;-1.8356;1.5661
13;595;3.6451;0.2061;1.7297
14;595;0.15611;0.50853;1.9131
15;595;-3.14;0.43213;1.7158
16;595;-5.1225;-1.7451;1.5661
13;596;3.7155;0.17901;1.7297
14;596;0.23433;0.49462;1.9131
15;596;-3.0619;0.44798;1.7158
16;596;-5.0994;-1.6588;1.5661
13;597;3.7951;0.14546;1.7297
14;597;0.3137;0.48376;1.9131
15;597;-2.9856;0.46552;1.7158
16;597;-5.0797;-1.5785;1.5661
13;598;3.8703;0.10889;1.7297
14;598;0.39633;0.4767;1.9131
15;598;-2.9052;0.48535;1.7158
16;598;-5.0661;-1.5016;1.5661
13;599;3.9419;0.072622;1.7297
14;599;0.48217;0.47182;1.9131
15;599;-2.8255;0.50075;1.7158
16;599;-5.0579;-1.425;1.5661
13;600;4.0106;0.035942;1.7297
14;600;0.56882;0.46636;1.9131
15;600;-2.7443;0.51477;1.7158
16;600;-5.0484;-1.3448;1.5661
13;601;4.0778;-0.0037388;1.7297
14;601;0.65441;0.4551;1.9131
15;601;-2.6619;0.52106;1.7158
16;601;-5.0331;-1.2597;1.5661
13;602;4.1453;-0.048651;1.7297
14;602;0.73913;0.44579;1.9131
15;602;-2.578;0.51924;1.7158
16;602;-5.0138;-1.1689;1.5661
13;603;4.2131;-0.097945;1.7297
14;603;0.82097;0.44724;1.9131
15;603;-2.4959;0.51641;1.7158
16;603;-4.9955;-1.0764;1.5661
13;604;4.2778;-0.14824;1.7297
14;604;0.90228;0.46145;1.9131
15;604;-2.4153;0.51488;1.7158
16;604;-4.9773;-0.98693;1.5661
13;605;4.3446;-0.20413;1.7297
14;605;0.98673;0.47965;1.9131
15;605;-2.3356;0.51086;1.7158
16;605;-4.9599;-0.9035;1.5661
13;606;4.4123;-0.26253;1.7297
14;606;1.0757;0.50257;1.9131
15;606;-2.2504;0.5027;1.7158
16;606;-4.9363;-0.82838;1.5661
13;607;4.4769;-0.31805;1.7297
14;607;1.1682;0.52413;1.9131
15;607;-2.1666;0.48683;1.7158
16;607;-4.9038;-0.759;1.5661
13;608;4.5376;-0.37324;1.7297
14;608;1.2591;0.54471;1.9131
15;608;-2.0813;0.47339;1.7158
16;608;-4.8619;-0.69269;1.5661
13;609;4.5958;-0.43038;1.7297
14;609;1.3437;0.56281;1.9131
15;609;-1.9934;0.46256;1.7158
16;609;-4.813;-0.62585;1.5661
13;610;4.6525;-0.4933;1.7297
14;610;1.4265;0.57873;1.9131
15;610;-1.9037;0.4562;1.7158
16;610;-4.7576;-0.56036;1.5661
13;611;4.7062;-0.56381;1.7297
14;611;1.5077;0.59266;1.9131
15;611;-1.8187;0.45766;1.7158
16;611;-4.6978;-0.49915;1.5661
13;612;4.7561;-0.63698;1.7297
14;612;1.5948;0.59857;1.9131
15;612;-1.7334;0.46369;1.7158
16;612;-4.6374;-0.44354;1.5661
13;613;4.8036;-0.71592;1.7297
14;613;1.6863;0.59162;1.9131
15;613;-1.6505;0.47258;1.7158
16;613;-4.5805;-0.38974;1.5661
13;614;4.8492;-0.8026;1.7297
14;614;1.7766;0.57574;1.9131
15;614;-1.567;0.48063;1.7158
16;614;-4.5291;-0.334;1.5661
13;615;4.8842;-0.88142;1.7297
14;615;1.8676;0.56532;1.9131
15;615;-1.4778;0.49088;1.7158
16;615;-4.4825;-0.27323;1.5661
13;616;4.912;-0.95379;1.7297
14;616;1.9551;0.55229;1.9131
15;616;-1.387;0.50208;1.7158
16;616;-4.4344;-0.20938;1.5661
13;617;4.9362;-1.0263;1.7297
14;617;2.0425;0.54513;1.9131
15;617;-1.2939;0.50917;1.7158
16;617;-4.3823;-0.14431;1.5661
13;618;4.9585;-1.1065;1.7297
14;618;2.1295;0.52836;1.9131
15;618;-1.1987;0.51601;1.7158
16;618;-4.3258;-0.077776;1.5661
13;619;4.9839;-1.1945;1.7297
14;619;2.2162;0.51207;1.9131
15;619;-1.1009;0.51705;1.7158
16;619;-4.269;-0.010844;1.5661
13;620;5.0122;-1.2803;1.7297
14;620;2.2972;0.49497;1.9131
15;620;-1.0137;0.51616;1.7158
16;620;-4.2128;0.053316;1.5661
13;621;5.0411;-1.3717;1.7297
14;621;2.3776;0.48755;1.9131
15;621;-0.93088;0.51199;1.7158
16;621;-4.1562;0.11226;1.5661
13;622;5.0705;-1.4658;1.7297
14;622;2.4574;0.48808;1.9131
15;622;-0.85248;0.50767;1.7158
16;622;-4.0948;0.16148;1.5661
13;623;5.0932;-1.5514;1.7297
14;623;2.5344;0.49156;1.9131
15;623;-0.77188;0.50274;1.7158
16;623;-4.0267;0.20195;1.5661
13;624;5.1069;-1.6291;1.7297
14;624;2.6169;0.4995;1.9131
15;624;-0.68063;0.48933;1.7158
16;624;-3.9514;0.23524;1.5661
13;625;5.1167;-1.7072;1.7297
14;625;2.7012;0.50855;1.9131
15;625;-0.58668;0.47732;1.7158
16;625;-3.8704;0.26211;1.5661
13;626;5.1277;-1.7945;1.7297
14;626;2.7882;0.51382;1.9131
15;626;-0.49422;0.46501;1.7158
16;626;-3.7853;0.2826;1.5661
13;627;5.1405;-1.8908;1.7297
14;627;2.8745;0.51213;1.9131
15;627;-0.40205;0.45841;1.7158
16;627;-3.6981;0.29761;1.5661
13;628;5.1549;-1.9866;1.7297
14;628;2.9637;0.51044;1.9131
15;628;-0.31341;0.45852;1.7158
16;628;-3.6096;0.30595;1.5661
14;629;3.0527;0.50914;1.9131
15;629;-0.23112;0.464;1.7158
16;629;-3.5179;0.31242;1.5661
14;630;3.1413;0.4915;1.9131
15;630;-0.15193;0.47315;1.7158
16;630;-3.4286;0.32787;1.5661
17;630;-5.2504;-2.0467;1.822
14;631;3.2245;0.4587;1.9131
15;631;-0.070627;0.48379;1.7158
16;631;-3.3409;0.35041;1.5661
17;631;-5.2377;-1.9607;1.822
14;632;3.3091;0.42298;1.9131
15;632;0.016351;0.49753;1.7158
16;632;-3.2556;0.37902;1.5661
17;632;-5.2183;-1.8736;1.822
14;633;3.3894;0.38628;1.9131
15;633;0.10579;0.51634;1.7158
16;633;-3.1732;0.40658;1.5661
17;633;-5.1929;-1.7862;1.822
14;634;3.4683;0.34599;1.9131
15;634;0.19294;0.53462;1.7158
16;634;-3.0934;0.43838;1.5661
17;634;-5.1649;-1.703;1.822
14;635;3.5451;0.30596;1.9131
15;635;0.27915;0.54832;1.7158
16;635;-3.0098;0.4721;1.5661
17;635;-5.134;-1.6268;1.822
14;636;3.6236;0.26032;1.9131
15;636;0.36464;0.5573;1.7158
16;636;-2.9235;0.50686;1.5661
17;636;-5.1092;-1.5539;1.822
14;637;3.6957;0.2087;1.9131
15;637;0.45647;0.55664;1.7158
16;637;-2.8408;0.5361;1.5661
17;637;-5.0943;-1.4829;1.822
14;638;3.7708;0.16021;1.9131
15;638;0.54143;0.5509;1.7158
16;638;-2.7554;0.55417;1.5661
17;638;-5.0841;-1.4113;1.822
14;639;3.8479;0.12115;1.9131
15;639;0.62761;0.54641;1.7158
16;639;-2.6679;0.56059;1.5661
17;639;-5.0703;-1.3349;1.822
14;640;3.927;0.091049;1.9131
15;640;0.71927;0.54157;1.7158
16;640;-2.577;0.5605;1.5661
17;640;-5.0507;-1.2529;1.822
14;641;4.0053;0.064226;1.9131
15;641;0.81469;0.53255;1.7158
16;641;-2.4903;0.55873;1.5661
17;641;-5.0252;-1.1671;1.822
14;642;4.0819;0.037177;1.9131
15;642;0.90918;0.51946;1.7158
16;642;-2.4022;0.55591;1.5661
17;642;-4.9983;-1.0813;1.822
14;643;4.1563;0.0080971;1.9131
15;643;0.99798;0.50213;1.7158
16;643;-2.314;0.54793;1.5661
17;643;-4.9741;-0.99392;1.822
14;644;4.2298;-0.026234;1.9131
15;644;1.0794;0.48809;1.7158
16;644;-2.2222;0.53601;1.5661
17;644;-4.9563;-0.90977;1.822
14;645;4.3038;-0.067718;1.9131
15;645;1.1596;0.48639;1.7158
16;645;-2.1267;0.52695;1.5661
17;645;-4.9393;-0.83239;1.822
14;646;4.3785;-0.11507;1.9131
15;646;1.2374;0.48944;1.7158
16;646;-2.036;0.52339;1.5661
17;646;-4.9127;-0.76112;1.822
14;647;4.4458;-0.17125;1.9131
15;647;1.3174;0.49998;1.7158
16;647;-1.9448;0.52816;1.5661
17;647;-4.8747;-0.69561;1.822
14;648;4.5035;-0.24072;1.9131
15;648;1.402;0.5101;1.7158
16;648;-1.8577;0.5382;1.5661
17;648;-4.8284;-0.63253;1.822
14;649;4.5521;-0.31515;1.9131
15;649;1.4917;0.51835;1.7158
16;649;-1.7694;0.54934;1.5661
17;649;-4.7759;-0.56949;1.822
14;650;4.5938;-0.38601;1.9131
15;650;1.5869;0.52691;1.7158
16;650;-1.6832;0.55965;1.5661
17;650;-4.7194;-0.50727;1.822
14;651;4.6316;-0.45519;1.9131
15;651;1.6816;0.52772;1.7158
16;651;-1.5946;0.57871;1.5661
17;651;-4.6596;-0.44969;1.822
14;652;4.6666;-0.52483;1.9131
15;652;1.773;0.53464;1.7158
16;652;-1.5047;0.5975;1.5661
17;652;-4.5973;-0.39887;1.822
14;653;4.7023;-0.59785;1.9131
15;653;1.8645;0.53858;1.7158
16;653;-1.4166;0.61239;1.5661
17;653;-4.5306;-0.35306;1.822
14;654;4.7379;-0.67495;1.9131
15;654;1.9537;0.53625;1.7158
16;654;-1.3259;0.61684;1.5661
17;654;-4.464;-0.31133;1.822
14;655;4.7708;-0.75612;1.9131
15;655;2.0421;0.53181;1.7158
16;655;-1.2338;0.61287;1.5661
17;655;-4.4047;-0.26572;1.822
14;656;4.8064;-0.84096;1.9131
15;656;2.1165;0.52332;1.7158
16;656;-1.1452;0.60576;1.5661
17;656;-4.3544;-0.21499;1.822
14;657;4.8464;-0.92333;1.9131
15;657;2.1988;0.51662;1.7158
16;657;-1.06;0.59669;1.5661
17;657;-4.3063;-0.16064;1.822
14;658;4.8874;-1.002;1.9131
15;658;2.2844;0.5094;1.7158
16;658;-0.97466;0.58384;1.5661
17;658;-4.2542;-0.10539;1.822
14;659;4.9243;-1.0782;1.9131
15;659;2.3716;0.5018;1.7158
16;659;-0.88639;0.56654;1.5661
17;659;-4.1953;-0.04935;1.822
14;660;4.958;-1.1533;1.9131
15;660;2.459;0.4894;1.7158
16;660;-0.79123;0.54687;1.5661
17;660;-4.1313;0.0074046;1.822
14;661;4.9919;-1.2269;1.9131
15;661;2.5428;0.47498;1.7158
16;661;-0.69293;0.52786;1.5661
17;661;-4.0664;0.064228;1.822
14;662;5.0266;-1.3047;1.9131
15;662;2.6263;0.46401;1.7158
16;662;-0.59344;0.5181;1.5661
17;662;-4;0.12275;1.822
14;663;5.0597;-1.3868;1.9131
15;663;2.7135;0.45661;1.7158
16;663;-0.49538;0.5209;1.5661
17;663;-3.9361;0.18003;1.822
14;664;5.0897;-1.4707;1.9131
15;664;2.7981;0.45354;1.7158
16;664;-0.40486;0.52945;1.5661
17;664;-3.8756;0.23005;1.822
14;665;5.1092;-1.5557;1.9131
15;665;2.8869;0.45223;1.7158
16;665;-0.31859;0.53925;1.5661
17;665;-3.8089;0.26895;1.822
14;666;5.1166;-1.6437;1.9131
15;666;2.9767;0.45184;1.7158
16;666;-0.23412;0.55111;1.5661
17;666;-3.7361;0.29674;1.822
14;667;5.1171;-1.7309;1.9131
15;667;3.0683;0.4517;1.7158
16;667;-0.14674;0.56581;1.5661
17;667;-3.66;0.31828;1.822
14;668;5.1125;-1.8125;1.9131
15;668;3.1614;0.44483;1.7158
16;668;-0.058042;0.57923;1.5661
17;668;-3.5847;0.33787;1.822
14;669;5.1039;-1.8907;1.9131
15;669;3.2565;0.43537;1.7158
16;669;0.029073;0.58851;1.5661
17;669;-3.5083;0.35511;1.822
14;670;5.0925;-1.9679;1.9131
15;670;3.3476;0.42074;1.7158
16;670;0.11451;0.58812;1.5661
17;670;-3.4302;0.36874;1.822
15;671;3.4317;0.40115;1.7158
16;671;0.19777;0.57848;1.5661
17;671;-3.3475;0.37697;1.822
15;672;3.508;0.37391;1.7158
16;672;0.28035;0.56575;1.5661
17;672;-3.2644;0.38177;1.822
15;673;3.5755;0.34778;1.7158
16;673;0.36529;0.55441;1.5661
17;673;-3.1816;0.37771;1.822
15;674;3.6425;0.32052;1.7158
16;674;0.45513;0.53929;1.5661
17;674;-3.1017;0.38353;1.822
15;675;3.7059;0.29226;1.7158
16;675;0.54676;0.51978;1.5661
17;675;-3.0244;0.39715;1.822
15;676;3.7734;0.2596;1.7158
16;676;0.63788;0.49594;1.5661
17;676;-2.9513;0.41919;1.822
15;677;3.8428;0.22073;1.7158
16;677;0.72949;0.47786;1.5661
17;677;-2.8812;0.44256;1.822
15;678;3.9172;0.17404;1.7158
16;678;0.81545;0.47235;1.5661
17;678;-2.8067;0.46477;1.822
15;679;3.9918;0.12726;1.7158
16;679;0.90247;0.47202;1.5661
17;679;-2.7299;0.4868;1.822
15;680;4.0671;0.081649;1.7158
16;680;0.98786;0.48067;1.5661
17;680;-2.6499;0.50916;1.822
15;681;4.1456;0.035684;1.7158
16;681;1.069;0.49408;1.5661
17;681;-2.5632;0.5318;1.822
15;682;4.2225;-0.0088323;1.7158
16;682;1.1573;0.51626;1.5661
17;682;-2.4702;0.55609;1.822
15;683;4.2939;-0.05222;1.7158
16;683;1.2468;0.53816;1.5661
17;683;-2.3812;0.57523;1.822
15;684;4.3621;-0.09589;1.7158
16;684;1.3332;0.55963;1.5661
17;684;-2.2928;0.58539;1.822
15;685;4.4313;-0.14065;1.7158
16;685;1.4169;0.57672;1.5661
17;685;-2.2074;0.58543;1.822
15;686;4.504;-0.18896;1.7158
16;686;1.4947;0.58354;1.5661
17;686;-2.1243;0.57958;1.822
18;686;-5.1323;-2.0529;1.8175
15;687;4.5761;-0.24068;1.7158
16;687;1.5757;0.57815;1.5661
17;687;-2.0401;0.57323;1.822
18;687;-5.1441;-1.9657;1.8175
15;688;4.6457;-0.29443;1.7158
16;688;1.6576;0.56717;1.5661
17;688;-1.9579;0.56458;1.822
18;688;-5.1579;-1.8872;1.8175
15;689;4.7148;-0.36;1.7158
16;689;1.7429;0.55373;1.5661
17;689;-1.8744;0.55398;1.822
18;689;-5.1674;-1.8131;1.8175
15;690;4.7741;-0.43644;1.7158
16;690;1.8332;0.53648;1.5661
17;690;-1.7851;0.5388;1.822
18;690;-5.1681;-1.7421;1.8175
15;691;4.8195;-0.51014;1.7158
16;691;1.9272;0.50964;1.5661
17;691;-1.6946;0.51879;1.822
18;691;-5.1608;-1.67;1.8175
15;692;4.8578;-0.57858;1.7158
16;692;2.0128;0.48389;1.5661
17;692;-1.6079;0.50088;1.822
18;692;-5.1461;-1.5931;1.8175
15;693;4.8927;-0.64553;1.7158
16;693;2.1051;0.45699;1.5661
17;693;-1.5151;0.49052;1.822
18;693;-5.1233;-1.5104;1.8175
15;694;4.9247;-0.71681;1.7158
16;694;2.1977;0.43838;1.5661
17;694;-1.4321;0.49124;1.822
18;694;-5.093;-1.4227;1.8175
15;695;4.9548;-0.79484;1.7158
16;695;2.2871;0.4345;1.5661
17;695;-1.3436;0.49672;1.822
18;695;-5.057;-1.3351;1.8175
15;696;4.9887;-0.88236;1.7158
16;696;2.3776;0.44062;1.5661
17;696;-1.2615;0.50652;1.822
18;696;-5.0191;-1.2518;1.8175
15;697;5.0256;-0.97035;1.7158
16;697;2.4712;0.4492;1.5661
17;697;-1.1828;0.51812;1.822
18;697;-4.9807;-1.1754;1.8175
15;698;5.0671;-1.0567;1.7158
16;698;2.5599;0.46423;1.5661
17;698;-1.098;0.533;1.822
18;698;-4.947;-1.1022;1.8175
15;699;5.1053;-1.1381;1.7158
16;699;2.6511;0.47205;1.5661
17;699;-1.0132;0.55178;1.822
18;699;-4.9179;-1.0321;1.8175
15;700;5.1362;-1.2134;1.7158
16;700;2.7455;0.48505;1.5661
17;700;-0.92501;0.57466;1.822
18;700;-4.8881;-0.96133;1.8175
15;701;5.1607;-1.2846;1.7158
16;701;2.8389;0.49285;1.5661
17;701;-0.83344;0.59355;1.822
18;701;-4.8528;-0.88822;1.8175
15;702;5.1825;-1.3557;1.7158
16;702;2.9267;0.4897;1.5661
17;702;-0.74151;0.60842;1.822
18;702;-4.8113;-0.81032;1.8175
15;703;5.2071;-1.4296;1.7158
16;703;3.0113;0.47181;1.5661
17;703;-0.64611;0.60788;1.822
18;703;-4.7654;-0.73013;1.8175
15;704;5.234;-1.5047;1.7158
16;704;3.0945;0.43952;1.5661
17;704;-0.56186;0.60121;1.822
18;704;-4.7194;-0.65017;1.8175
15;705;5.2603;-1.5837;1.7158
16;705;3.1767;0.40386;1.5661
17;705;-0.47605;0.58939;1.822
18;705;-4.6747;-0.57499;1.8175
15;706;5.2839;-1.667;1.7158
16;706;3.2562;0.36534;1.5661
17;706;-0.38958;0.57729;1.822
18;706;-4.6319;-0.50599;1.8175
15;707;5.3018;-1.7592;1.7158
16;707;3.3324;0.32317;1.5661
17;707;-0.30254;0.56139;1.822
18;707;-4.586;-0.4446;1.8175
15;708;5.3077;-1.8487;1.7158
16;708;3.4083;0.27515;1.5661
17;708;-0.21659;0.54922;1.822
18;708;-4.5349;-0.38938;1.8175
15;709;5.3028;-1.9285;1.7158
16;709;3.4875;0.22683;1.5661
17;709;-0.12585;0.53501;1.822
18;709;-4.4798;-0.33511;1.8175
15;710;5.2904;-2.0017;1.7158
16;710;3.5709;0.1884;1.5661
17;710;-0.034375;0.51552;1.822
18;710;-4.4193;-0.27946;1.8175
15;711;5.2732;-2.0727;1.7158
16;711;3.6622;0.15723;1.5661
17;711;0.051578;0.49273;1.822
18;711;-4.3527;-0.2222;1.8175
16;712;3.7475;0.13219;1.5661
17;712;0.13552;0.48059;1.822
18;712;-4.2815;-0.16635;1.8175
16;713;3.8335;0.10702;1.5661
17;713;0.21881;0.47978;1.822
18;713;-4.2059;-0.11419;1.8175
16;714;3.9181;0.082773;1.5661
17;714;0.30349;0.48576;1.822
18;714;-4.1282;-0.066982;1.8175
16;715;4.0036;0.059514;1.5661
17;715;0.38847;0.49497;1.822
18;715;-4.0527;-0.024331;1.8175
16;716;4.0898;0.034124;1.5661
17;716;0.47864;0.50802;1.822
18;716;-3.9778;0.016884;1.8175
16;717;4.1751;0.0038127;1.5661
17;717;0.57152;0.52263;1.822
18;717;-3.9054;0.058946;1.8175
16;718;4.2529;-0.040481;1.5661
17;718;0.66504;0.54117;1.822
18;718;-3.8337;0.10135;1.8175
16;719;4.3213;-0.097656;1.5661
17;719;0.75385;0.5595;1.822
18;719;-3.7595;0.1452;1.8175
16;720;4.3814;-0.16055;1.5661
17;720;0.83863;0.57403;1.822
18;720;-3.6811;0.19035;1.8175
16;721;4.435;-0.2277;1.5661
17;721;0.92322;0.57973;1.822
18;721;-3.6005;0.2361;1.8175
16;722;4.4821;-0.29949;1.5661
17;722;1.0084;0.57624;1.822
18;722;-3.5181;0.28046;1.8175
16;723;4.5244;-0.3763;1.5661
17;723;1.0984;0.56719;1.822
18;723;-3.4367;0.31958;1.8175
16;724;4.5673;-0.4588;1.5661
17;724;1.1944;0.55713;1.822
18;724;-3.3564;0.35088;1.8175
16;725;4.6118;-0.54322;1.5661
17;725;1.2935;0.54282;1.822
18;725;-3.2768;0.37123;1.8175
16;726;4.6632;-0.62318;1.5661
17;726;1.3921;0.52492;1.822
18;726;-3.1965;0.38692;1.8175
16;727;4.721;-0.6959;1.5661
17;727;1.4854;0.5037;1.822
18;727;-3.1158;0.4012;1.8175
16;728;4.7779;-0.76221;1.5661
17;728;1.5736;0.478;1.822
18;728;-3.0343;0.41522;1.8175
16;729;4.8313;-0.82588;1.5661
17;729;1.6593;0.45394;1.822
18;729;-2.9501;0.42786;1.8175
16;730;4.8824;-0.88929;1.5661
17;730;1.7462;0.43658;1.822
18;730;-2.866;0.43732;1.8175
16;731;4.936;-0.9549;1.5661
17;731;1.8357;0.4318;1.822
18;731;-2.7814;0.44198;1.8175
16;732;4.992;-1.0269;1.5661
17;732;1.9266;0.43524;1.822
18;732;-2.6894;0.44202;1.8175
16;733;5.0467;-1.1031;1.5661
17;733;2.0202;0.44194;1.822
18;733;-2.5984;0.4447;1.8175
16;734;5.091;-1.1869;1.5661
17;734;2.1152;0.45265;1.822
18;734;-2.5074;0.45066;1.8175
16;735;5.1212;-1.2756;1.5661
17;735;2.2149;0.46349;1.822
18;735;-2.4197;0.46263;1.8175
16;736;5.1383;-1.3616;1.5661
17;736;2.3106;0.47562;1.822
18;736;-2.3386;0.47761;1.8175
16;737;5.1431;-1.4452;1.5661
17;737;2.407;0.48688;1.822
18;737;-2.2544;0.49339;1.8175
16;738;5.1373;-1.5271;1.5661
17;738;2.4978;0.49632;1.822
18;738;-2.1696;0.51056;1.8175
16;739;5.125;-1.6103;1.5661
17;739;2.5831;0.49602;1.822
18;739;-2.0803;0.53013;1.8175
16;740;5.1155;-1.6999;1.5661
17;740;2.6679;0.48558;1.822
18;740;-1.9867;0.54877;1.8175
16;741;5.1104;-1.7919;1.5661
17;741;2.7527;0.46777;1.822
18;741;-1.8945;0.56368;1.8175
16;742;5.1168;-1.8849;1.5661
17;742;2.8377;0.44803;1.822
18;742;-1.8013;0.57258;1.8175
16;743;5.1317;-1.9764;1.5661
17;743;2.9216;0.42584;1.822
18;743;-1.7068;0.57268;1.8175
16;744;5.1456;-2.0612;1.5661
17;744;3.0037;0.39955;1.822
18;744;-1.6155;0.57175;1.8175
16;745;5.1533;-2.1409;1.5661
17;745;3.0854;0.36478;1.822
18;745;-1.5269;0.57075;1.8175
17;746;3.165;0.32199;1.822
18;746;-1.4394;0.5696;1.8175
17;747;3.2425;0.27968;1.822
18;747;-1.3523;0.56709;1.8175
17;748;3.3249;0.24228;1.822
18;748;-1.26;0.56166;1.8175
19;748;-5.1358;-2.0337;1.7948
17;749;3.4083;0.21739;1.822
18;749;-1.1602;0.55195;1.8175
19;749;-5.1261;-1.9547;1.7948
17;750;3.4956;0.20166;1.822
18;750;-1.0567;0.54416;1.8175
19;750;-5.1113;-1.8695;1.7948
17;751;3.5779;0.19082;1.822
18;751;-0.9498;0.54033;1.8175
19;751;-5.0929;-1.7865;1.7948
17;752;3.6656;0.17292;1.822
18;752;-0.84507;0.54237;1.8175
19;752;-5.0719;-1.7098;1.7948
17;753;3.7515;0.14879;1.822
18;753;-0.74709;0.54987;1.8175
19;753;-5.0523;-1.6406;1.7948
17;754;3.8414;0.11963;1.822
18;754;-0.65731;0.56098;1.8175
19;754;-5.041;-1.5761;1.7948
17;755;3.9365;0.085609;1.822
18;755;-0.56752;0.57095;1.8175
19;755;-5.0344;-1.5113;1.7948
17;756;4.0301;0.050233;1.822
18;756;-0.47909;0.59028;1.8175
19;756;-5.0263;-1.442;1.7948
17;757;4.1142;0.010254;1.822
18;757;-0.3841;0.60325;1.8175
19;757;-5.0132;-1.365;1.7948
17;758;4.1892;-0.037302;1.822
18;758;-0.28447;0.61446;1.8175
19;758;-4.9955;-1.2808;1.7948
17;759;4.2563;-0.089706;1.822
18;759;-0.18589;0.62307;1.8175
19;759;-4.9759;-1.1928;1.7948
17;760;4.3185;-0.14505;1.822
18;760;-0.087548;0.62369;1.8175
19;760;-4.9544;-1.11;1.7948
17;761;4.3767;-0.20331;1.822
18;761;0.0069783;0.6197;1.8175
19;761;-4.9305;-1.0342;1.7948
17;762;4.4298;-0.26603;1.822
18;762;0.097777;0.61801;1.8175
19;762;-4.902;-0.96754;1.7948
17;763;4.4775;-0.33563;1.822
18;763;0.18784;0.61833;1.8175
19;763;-4.8653;-0.90645;1.7948
17;764;4.5203;-0.41199;1.822
18;764;0.28124;0.61606;1.8175
19;764;-4.8231;-0.84584;1.7948
17;765;4.5617;-0.49431;1.822
18;765;0.37703;0.6113;1.8175
19;765;-4.7753;-0.78301;1.7948
17;766;4.6078;-0.57618;1.822
18;766;0.47602;0.60574;1.8175
19;766;-4.7205;-0.71699;1.7948
17;767;4.6614;-0.64964;1.822
18;767;0.5775;0.59472;1.8175
19;767;-4.6597;-0.65103;1.7948
17;768;4.717;-0.71361;1.822
18;768;0.67211;0.5845;1.8175
19;768;-4.5957;-0.59295;1.7948
17;769;4.7685;-0.77474;1.822
18;769;0.76565;0.58061;1.8175
19;769;-4.5316;-0.54251;1.7948
17;770;4.8166;-0.83678;1.822
18;770;0.85717;0.58572;1.8175
19;770;-4.476;-0.49736;1.7948
17;771;4.8635;-0.90247;1.822
18;771;0.94647;0.60144;1.8175
19;771;-4.4309;-0.45222;1.7948
17;772;4.9105;-0.97204;1.822
18;772;1.0445;0.61579;1.8175
19;772;-4.3881;-0.40424;1.7948
17;773;4.9625;-1.0528;1.822
18;773;1.1421;0.62566;1.8175
19;773;-4.3419;-0.35162;1.7948
17;774;5.0188;-1.1369;1.822
18;774;1.2419;0.63572;1.8175
19;774;-4.2881;-0.29295;1.7948
17;775;5.0677;-1.2223;1.822
18;775;1.3385;0.64618;1.8175
19;775;-4.229;-0.23004;1.7948
17;776;5.1011;-1.3084;1.822
18;776;1.4295;0.65274;1.8175
19;776;-4.1684;-0.1675;1.7948
20;776;-5.2059;-2.0932;1.7275
17;777;5.1199;-1.3928;1.822
18;777;1.5185;0.65254;1.8175
19;777;-4.1089;-0.11151;1.7948
20;777;-5.2175;-2.0178;1.7275
17;778;5.1292;-1.4746;1.822
18;778;1.6043;0.65004;1.8175
19;778;-4.0528;-0.063327;1.7948
20;778;-5.2271;-1.9403;1.7275
17;779;5.1326;-1.5543;1.822
18;779;1.6951;0.64542;1.8175
19;779;-3.9925;-0.023644;1.7948
20;779;-5.2305;-1.8602;1.7275
17;780;5.1302;-1.6325;1.822
18;780;1.786;0.63921;1.8175
19;780;-3.9276;0.007606;1.7948
20;780;-5.2252;-1.7766;1.7275
17;781;5.1233;-1.7125;1.822
18;781;1.8785;0.63462;1.8175
19;781;-3.8618;0.035135;1.7948
20;781;-5.2132;-1.6904;1.7275
17;782;5.1121;-1.7955;1.822
18;782;1.9738;0.6241;1.8175
19;782;-3.7919;0.062379;1.7948
20;782;-5.1985;-1.6069;1.7275
17;783;5.0996;-1.8842;1.822
18;783;2.0704;0.60473;1.8175
19;783;-3.7152;0.091613;1.7948
20;783;-5.1836;-1.5272;1.7275
17;784;5.0953;-1.9753;1.822
18;784;2.1621;0.58729;1.8175
19;784;-3.634;0.11964;1.7948
20;784;-5.169;-1.4529;1.7275
18;785;2.2541;0.57605;1.8175
19;785;-3.5509;0.14132;1.7948
20;785;-5.1538;-1.38;1.7275
18;786;2.3492;0.55527;1.8175
19;786;-3.4707;0.15927;1.7948
20;786;-5.1378;-1.3064;1.7275
18;787;2.4416;0.53841;1.8175
19;787;-3.3934;0.17916;1.7948
20;787;-5.1179;-1.2302;1.7275
18;788;2.5318;0.52386;1.8175
19;788;-3.3162;0.2048;1.7948
20;788;-5.0925;-1.1525;1.7275
18;789;2.6227;0.51171;1.8175
19;789;-3.2371;0.23573;1.7948
20;789;-5.0612;-1.0742;1.7275
18;790;2.7132;0.49619;1.8175
19;790;-3.1569;0.26995;1.7948
20;790;-5.0266;-0.9977;1.7275
18;791;2.807;0.48406;1.8175
19;791;-3.0745;0.30803;1.7948
20;791;-4.9926;-0.92365;1.7275
18;792;2.9045;0.4676;1.8175
19;792;-2.988;0.34613;1.7948
20;792;-4.9609;-0.8535;1.7275
18;793;2.9979;0.44863;1.8175
19;793;-2.9018;0.38244;1.7948
20;793;-4.9292;-0.785;1.7275
18;794;3.0886;0.41967;1.8175
19;794;-2.8156;0.41256;1.7948
20;794;-4.8946;-0.71736;1.7275
18;795;3.1726;0.38571;1.8175
19;795;-2.736;0.4332;1.7948
20;795;-4.8522;-0.65025;1.7275
18;796;3.2503;0.34785;1.8175
19;796;-2.655;0.44071;1.7948
20;796;-4.8018;-0.58333;1.7275
18;797;3.3293;0.31124;1.8175
19;797;-2.5724;0.44157;1.7948
20;797;-4.7461;-0.51509;1.7275
18;798;3.4085;0.27549;1.8175
19;798;-2.4907;0.44469;1.7948
20;798;-4.6876;-0.447;1.7275
18;799;3.4851;0.22924;1.8175
19;799;-2.4047;0.4497;1.7948
20;799;-4.6285;-0.3819;1.7275
18;800;3.5606;0.17864;1.8175
19;800;-2.3183;0.45078;1.7948
20;800;-4.5686;-0.32133;1.7275
18;801;3.6373;0.12109;1.8175
19;801;-2.2257;0.44847;1.7948
20;801;-4.5079;-0.26663;1.7275
18;802;3.716;0.061404;1.8175
19;802;-2.1287;0.43949;1.7948
20;802;-4.4458;-0.21472;1.7275
18;803;3.798;0.002706;1.8175
19;803;-2.0381;0.43088;1.7948
20;803;-4.3829;-0.16186;1.7275
18;804;3.8788;-0.050991;1.8175
19;804;-1.9449;0.42826;1.7948
20;804;-4.3175;-0.10652;1.7275
18;805;3.9538;-0.098609;1.8175
19;805;-1.8577;0.43486;1.7948
20;805;-4.2492;-0.05077;1.7275
18;806;4.0247;-0.14175;1.8175
19;806;-1.7749;0.44764;1.7948
20;806;-4.1779;0.0039581;1.7275
18;807;4.0941;-0.18266;1.8175
19;807;-1.6914;0.4648;1.7948
20;807;-4.1051;0.054751;1.7275
18;808;4.1652;-0.22776;1.8175
19;808;-1.6057;0.48248;1.7948
20;808;-4.0321;0.10119;1.7275
18;809;4.2391;-0.27794;1.8175
19;809;-1.5176;0.50165;1.7948
20;809;-3.9604;0.14351;1.7275
18;810;4.3136;-0.33483;1.8175
19;810;-1.4267;0.51343;1.7948
20;810;-3.8876;0.18472;1.7275
18;811;4.3835;-0.39387;1.8175
19;811;-1.343;0.52557;1.7948
20;811;-3.8134;0.22256;1.7275
18;812;4.4488;-0.46164;1.8175
19;812;-1.263;0.52739;1.7948
20;812;-3.7355;0.25567;1.7275
18;813;4.5052;-0.53103;1.8175
19;813;-1.1759;0.52138;1.7948
20;813;-3.6543;0.28465;1.7275
18;814;4.5545;-0.59753;1.8175
19;814;-1.093;0.519;1.7948
20;814;-3.5712;0.31068;1.7275
18;815;4.5994;-0.66178;1.8175
19;815;-1.0104;0.51642;1.7948
20;815;-3.4875;0.33636;1.7275
18;816;4.6408;-0.72649;1.8175
19;816;-0.92978;0.51409;1.7948
20;816;-3.4047;0.36202;1.7275
18;817;4.6792;-0.79637;1.8175
19;817;-0.84417;0.5075;1.7948
20;817;-3.3221;0.38608;1.7275
18;818;4.7139;-0.87331;1.8175
19;818;-0.75148;0.49305;1.7948
20;818;-3.2403;0.40544;1.7275
18;819;4.7475;-0.95644;1.8175
19;819;-0.65751;0.47677;1.7948
20;819;-3.1579;0.4204;1.7275
18;820;4.785;-1.0433;1.8175
19;820;-0.56677;0.465;1.7948
20;820;-3.0728;0.43986;1.7275
18;821;4.8292;-1.1315;1.8175
19;821;-0.47506;0.46018;1.7948
20;821;-2.989;0.45986;1.7275
18;822;4.8732;-1.2125;1.8175
19;822;-0.38744;0.46736;1.7948
20;822;-2.9046;0.48052;1.7275
18;823;4.9143;-1.2855;1.8175
19;823;-0.30533;0.47774;1.7948
20;823;-2.8205;0.50338;1.7275
18;824;4.9512;-1.3555;1.8175
19;824;-0.21794;0.49053;1.7948
20;824;-2.7359;0.52191;1.7275
18;825;4.9848;-1.428;1.8175
19;825;-0.12463;0.5048;1.7948
20;825;-2.6517;0.54673;1.7275
18;826;5.0171;-1.5067;1.8175
19;826;-0.027537;0.51616;1.7948
20;826;-2.5674;0.55854;1.7275
18;827;5.0505;-1.5944;1.8175
19;827;0.063584;0.52657;1.7948
20;827;-2.4799;0.5757;1.7275
18;828;5.0839;-1.6873;1.8175
19;828;0.14876;0.53268;1.7948
20;828;-2.3942;0.58808;1.7275
18;829;5.1086;-1.784;1.8175
19;829;0.23549;0.52983;1.7948
20;829;-2.3053;0.59531;1.7275
18;830;5.1204;-1.8794;1.8175
19;830;0.32132;0.5264;1.7948
20;830;-2.219;0.59929;1.7275
18;831;5.123;-1.9672;1.8175
19;831;0.40558;0.52571;1.7948
20;831;-2.1319;0.60803;1.7275
19;832;0.49352;0.52393;1.7948
20;832;-2.0461;0.61815;1.7275
19;833;0.58983;0.51911;1.7948
20;833;-1.9616;0.62809;1.7275
19;834;0.6875;0.50885;1.7948
20;834;-1.8749;0.63541;1.7275
21;834;-5.4129;-1.9853;1.9185
19;835;0.78307;0.4934;1.7948
20;835;-1.7878;0.63819;1.7275
21;835;-5.402;-1.9113;1.9185
19;836;0.87121;0.47868;1.7948
20;836;-1.6991;0.64201;1.7275
21;836;-5.3913;-1.8338;1.9185
19;837;0.95565;0.47326;1.7948
20;837;-1.6116;0.65034;1.7275
21;837;-5.3793;-1.7533;1.9185
19;838;1.0384;0.48056;1.7948
20;838;-1.5271;0.6612;1.7275
21;838;-5.3603;-1.6679;1.9185
19;839;1.1241;0.49671;1.7948
20;839;-1.4432;0.67134;1.7275
21;839;-5.3385;-1.5811;1.9185
19;840;1.2166;0.51465;1.7948
20;840;-1.3599;0.67897;1.7275
21;840;-5.3178;-1.4953;1.9185
19;841;1.3147;0.53676;1.7948
20;841;-1.2753;0.68513;1.7275
21;841;-5.2998;-1.4106;1.9185
19;842;1.4149;0.55832;1.7948
20;842;-1.1867;0.69056;1.7275
21;842;-5.2836;-1.3303;1.9185
19;843;1.5128;0.57784;1.7948
20;843;-1.0997;0.69831;1.7275
21;843;-5.2662;-1.2511;1.9185
19;844;1.5989;0.58664;1.7948
20;844;-1.0105;0.70334;1.7275
21;844;-5.2431;-1.1771;1.9185
19;845;1.6874;0.58128;1.7948
20;845;-0.91759;0.69918;1.7275
21;845;-5.213;-1.1064;1.9185
19;846;1.7685;0.58216;1.7948
20;846;-0.83174;0.69626;1.7275
21;846;-5.1771;-1.0375;1.9185
19;847;1.8494;0.57062;1.7948
20;847;-0.74816;0.69444;1.7275
21;847;-5.1334;-0.96686;1.9185
19;848;1.931;0.56242;1.7948
20;848;-0.66409;0.69424;1.7275
21;848;-5.0835;-0.89584;1.9185
19;849;2.0184;0.55415;1.7948
20;849;-0.57875;0.696;1.7275
21;849;-5.0318;-0.82852;1.9185
19;850;2.1097;0.54356;1.7948
20;850;-0.49119;0.69437;1.7275
21;850;-4.9795;-0.76829;1.9185
19;851;2.2016;0.52577;1.7948
20;851;-0.40421;0.69118;1.7275
21;851;-4.9266;-0.71423;1.9185
19;852;2.2905;0.50578;1.7948
20;852;-0.31631;0.68721;1.7275
21;852;-4.8725;-0.6575;1.9185
19;853;2.3767;0.49128;1.7948
20;853;-0.22877;0.68451;1.7275
21;853;-4.8192;-0.59267;1.9185
19;854;2.461;0.48221;1.7948
20;854;-0.14222;0.68864;1.7275
21;854;-4.7659;-0.52192;1.9185
19;855;2.5406;0.47619;1.7948
20;855;-0.052605;0.69394;1.7275
21;855;-4.7116;-0.45005;1.9185
19;856;2.6196;0.4729;1.7948
20;856;0.031487;0.69709;1.7275
21;856;-4.6542;-0.37766;1.9185
19;857;2.7019;0.47168;1.7948
20;857;0.1182;0.69826;1.7275
21;857;-4.595;-0.30599;1.9185
19;858;2.7916;0.47208;1.7948
20;858;0.20493;0.69983;1.7275
21;858;-4.5351;-0.23958;1.9185
19;859;2.8817;0.46962;1.7948
20;859;0.28907;0.70063;1.7275
21;859;-4.4782;-0.17744;1.9185
19;860;2.9665;0.46091;1.7948
20;860;0.37408;0.70367;1.7275
21;860;-4.4247;-0.11276;1.9185
19;861;3.0449;0.44727;1.7948
20;861;0.45946;0.70272;1.7275
21;861;-4.3677;-0.052764;1.9185
19;862;3.1255;0.4218;1.7948
20;862;0.54642;0.69736;1.7275
21;862;-4.3029;-0.0036573;1.9185
19;863;3.1985;0.39381;1.7948
20;863;0.63509;0.69586;1.7275
21;863;-4.2323;0.036693;1.9185
19;864;3.2656;0.36323;1.7948
20;864;0.72516;0.69078;1.7275
21;864;-4.1583;0.074537;1.9185
19;865;3.332;0.33368;1.7948
20;865;0.81573;0.68529;1.7275
21;865;-4.0812;0.11223;1.9185
19;866;3.4024;0.30125;1.7948
20;866;0.90433;0.6792;1.7275
21;866;-4.0026;0.14669;1.9185
19;867;3.4681;0.26373;1.7948
20;867;0.98856;0.67229;1.7275
21;867;-3.924;0.17328;1.9185
19;868;3.5399;0.21504;1.7948
20;868;1.0712;0.66316;1.7275
21;868;-3.8423;0.18943;1.9185
22;868;-5.4119;-2.0782;1.709
19;869;3.6017;0.16945;1.7948
20;869;1.1538;0.65557;1.7275
21;869;-3.7555;0.20201;1.9185
22;869;-5.4164;-2.004;1.709
19;870;3.6678;0.12774;1.7948
20;870;1.2384;0.65093;1.7275
21;870;-3.6687;0.22209;1.9185
22;870;-5.4083;-1.9186;1.709
19;871;3.7336;0.088704;1.7948
20;871;1.3258;0.64897;1.7275
21;871;-3.5879;0.24948;1.9185
22;871;-5.3938;-1.8203;1.709
19;872;3.8002;0.053433;1.7948
20;872;1.4159;0.64661;1.7275
21;872;-3.5098;0.27922;1.9185
22;872;-5.3788;-1.7215;1.709
19;873;3.8682;0.020241;1.7948
20;873;1.5058;0.64243;1.7275
21;873;-3.4315;0.31039;1.9185
22;873;-5.365;-1.6334;1.709
19;874;3.9398;-0.012822;1.7948
20;874;1.5928;0.6374;1.7275
21;874;-3.3519;0.3413;1.9185
22;874;-5.3564;-1.5624;1.709
19;875;4.015;-0.048554;1.7948
20;875;1.6763;0.6293;1.7275
21;875;-3.2705;0.37256;1.9185
22;875;-5.3494;-1.4961;1.709
19;876;4.0906;-0.088443;1.7948
20;876;1.7605;0.62376;1.7275
21;876;-3.1906;0.40016;1.9185
22;876;-5.3455;-1.4283;1.709
19;877;4.1605;-0.13022;1.7948
20;877;1.8457;0.61098;1.7275
21;877;-3.107;0.42775;1.9185
22;877;-5.3435;-1.3618;1.709
19;878;4.2246;-0.17443;1.7948
20;878;1.9325;0.59964;1.7275
21;878;-3.0267;0.45339;1.9185
22;878;-5.3352;-1.2944;1.709
19;879;4.287;-0.22748;1.7948
20;879;2.0193;0.58198;1.7275
21;879;-2.9446;0.46704;1.9185
22;879;-5.3146;-1.22;1.709
19;880;4.3445;-0.28099;1.7948
20;880;2.1076;0.56643;1.7275
21;880;-2.8618;0.46977;1.9185
22;880;-5.2842;-1.1375;1.709
19;881;4.3959;-0.3316;1.7948
20;881;2.1967;0.55217;1.7275
21;881;-2.7777;0.46792;1.9185
22;881;-5.2514;-1.0527;1.709
19;882;4.4444;-0.38335;1.7948
20;882;2.2859;0.53515;1.7275
21;882;-2.6944;0.46696;1.9185
22;882;-5.2203;-0.96877;1.709
19;883;4.4915;-0.4405;1.7948
20;883;2.3716;0.52823;1.7275
21;883;-2.6123;0.46498;1.9185
22;883;-5.192;-0.88927;1.709
19;884;4.5369;-0.50602;1.7948
20;884;2.4577;0.50868;1.7275
21;884;-2.5307;0.46276;1.9185
22;884;-5.1639;-0.81337;1.709
19;885;4.5808;-0.57898;1.7948
20;885;2.5447;0.48939;1.7275
21;885;-2.4478;0.45631;1.9185
22;885;-5.1312;-0.73924;1.709
19;886;4.6229;-0.64698;1.7948
20;886;2.6335;0.47383;1.7275
21;886;-2.3625;0.44161;1.9185
22;886;-5.0921;-0.66944;1.709
19;887;4.6707;-0.71415;1.7948
20;887;2.7179;0.45989;1.7275
21;887;-2.2751;0.42833;1.9185
22;887;-5.0431;-0.6;1.709
19;888;4.7219;-0.7801;1.7948
20;888;2.807;0.44868;1.7275
21;888;-2.1878;0.42565;1.9185
22;888;-4.9834;-0.53255;1.709
19;889;4.7705;-0.84105;1.7948
20;889;2.8939;0.43633;1.7275
21;889;-2.0976;0.43424;1.9185
22;889;-4.9175;-0.46458;1.709
19;890;4.8183;-0.90033;1.7948
20;890;2.9786;0.42242;1.7275
21;890;-2.013;0.44783;1.9185
22;890;-4.8494;-0.39775;1.709
19;891;4.8676;-0.96266;1.7948
20;891;3.0645;0.40557;1.7275
21;891;-1.9277;0.46599;1.9185
22;891;-4.7838;-0.33994;1.709
19;892;4.9169;-1.0288;1.7948
20;892;3.1513;0.38791;1.7275
21;892;-1.8433;0.48203;1.9185
22;892;-4.722;-0.29216;1.709
19;893;4.9631;-1.0992;1.7948
20;893;3.2374;0.37001;1.7275
21;893;-1.7573;0.49575;1.9185
22;893;-4.6656;-0.25082;1.709
19;894;5.0045;-1.1685;1.7948
20;894;3.3232;0.3463;1.7275
21;894;-1.6712;0.51001;1.9185
22;894;-4.6141;-0.2075;1.709
19;895;5.0388;-1.2392;1.7948
20;895;3.408;0.32001;1.7275
21;895;-1.5818;0.52527;1.9185
22;895;-4.566;-0.16076;1.709
19;896;5.0668;-1.3153;1.7948
20;896;3.4851;0.29085;1.7275
21;896;-1.4937;0.5389;1.9185
22;896;-4.5161;-0.1137;1.709
